1.010000 	 1.007091 
1.020000 	 1.014200 
1.030000 	 1.021327 
1.040000 	 1.028471 
1.050000 	 1.035630 
1.060000 	 1.042802 
1.070000 	 1.049988 
1.080000 	 1.057185 
1.090000 	 1.064392 
1.100000 	 1.071608 
1.110000 	 1.078832 
1.120000 	 1.086063 
1.130000 	 1.093300 
1.140000 	 1.100540 
1.150000 	 1.107784 
1.160000 	 1.115029 
1.170000 	 1.122275 
1.180000 	 1.129521 
1.190000 	 1.136764 
1.200000 	 1.144005 
1.210000 	 1.151242 
1.220000 	 1.158474 
1.230000 	 1.165699 
1.240000 	 1.172917 
1.250000 	 1.180127 
1.260000 	 1.187326 
1.270000 	 1.194515 
1.280000 	 1.201691 
1.290000 	 1.208855 
1.300000 	 1.216004 
1.310000 	 1.223138 
1.320000 	 1.230256 
1.330000 	 1.237356 
1.340000 	 1.244438 
1.350000 	 1.251500 
1.360000 	 1.258542 
1.370000 	 1.265562 
1.380000 	 1.272559 
1.390000 	 1.279533 
1.400000 	 1.286482 
1.410000 	 1.293406 
1.420000 	 1.300303 
1.430000 	 1.307172 
1.440000 	 1.314013 
1.450000 	 1.320825 
1.460000 	 1.327606 
1.470000 	 1.334355 
1.480000 	 1.341073 
1.490000 	 1.347758 
1.500000 	 1.354408 
1.510000 	 1.361024 
1.520000 	 1.367604 
1.530000 	 1.374148 
1.540000 	 1.380654 
1.550000 	 1.387122 
1.560000 	 1.393551 
1.570000 	 1.399941 
1.580000 	 1.406290 
1.590000 	 1.412598 
1.600000 	 1.418864 
1.610000 	 1.425087 
1.620000 	 1.431267 
1.630000 	 1.437402 
1.640000 	 1.443493 
1.650000 	 1.449539 
1.660000 	 1.455538 
1.670000 	 1.461491 
1.680000 	 1.467397 
1.690000 	 1.473254 
1.700000 	 1.479064 
1.710000 	 1.484824 
1.720000 	 1.490534 
1.730000 	 1.496194 
1.740000 	 1.501804 
1.750000 	 1.507363 
1.760000 	 1.512869 
1.770000 	 1.518324 
1.780000 	 1.523726 
1.790000 	 1.529075 
1.800000 	 1.534371 
1.810000 	 1.539613 
1.820000 	 1.544800 
1.830000 	 1.549933 
1.840000 	 1.555011 
1.850000 	 1.560034 
1.860000 	 1.565001 
1.870000 	 1.569912 
1.880000 	 1.574767 
1.890000 	 1.579565 
1.900000 	 1.584306 
1.910000 	 1.588991 
1.920000 	 1.593618 
1.930000 	 1.598188 
1.940000 	 1.602700 
1.950000 	 1.607155 
1.960000 	 1.611551 
1.970000 	 1.615890 
1.980000 	 1.620170 
1.990000 	 1.624392 
2.000000 	 1.628555 
2.010000 	 1.632660 
2.020000 	 1.636706 
2.030000 	 1.640694 
2.040000 	 1.644623 
2.050000 	 1.648493 
2.060000 	 1.652305 
2.070000 	 1.656058 
2.080000 	 1.659752 
2.090000 	 1.663388 
2.100000 	 1.666966 
2.110000 	 1.670485 
2.120000 	 1.673945 
2.130000 	 1.677348 
2.140000 	 1.680693 
2.150000 	 1.683979 
2.160000 	 1.687208 
2.170000 	 1.690379 
2.180000 	 1.693493 
2.190000 	 1.696550 
2.200000 	 1.699549 
2.210000 	 1.702492 
2.220000 	 1.705378 
2.230000 	 1.708209 
2.240000 	 1.710983 
2.250000 	 1.713701 
2.260000 	 1.716364 
2.270000 	 1.718972 
2.280000 	 1.721525 
2.290000 	 1.724024 
2.300000 	 1.726469 
2.310000 	 1.728859 
2.320000 	 1.731197 
2.330000 	 1.733482 
2.340000 	 1.735714 
2.350000 	 1.737894 
2.360000 	 1.740022 
2.370000 	 1.742099 
2.380000 	 1.744125 
2.390000 	 1.746101 
2.400000 	 1.748027 
2.410000 	 1.749903 
2.420000 	 1.751730 
2.430000 	 1.753510 
2.440000 	 1.755241 
2.450000 	 1.756924 
2.460000 	 1.758561 
2.470000 	 1.760152 
2.480000 	 1.761696 
2.490000 	 1.763196 
2.500000 	 1.764651 
2.510000 	 1.766061 
2.520000 	 1.767429 
2.530000 	 1.768753 
2.540000 	 1.770035 
2.550000 	 1.771275 
2.560000 	 1.772474 
2.570000 	 1.773633 
2.580000 	 1.774752 
2.590000 	 1.775832 
2.600000 	 1.776873 
2.610000 	 1.777876 
2.620000 	 1.778842 
2.630000 	 1.779772 
2.640000 	 1.780665 
2.650000 	 1.781523 
2.660000 	 1.782347 
2.670000 	 1.783137 
2.680000 	 1.783893 
2.690000 	 1.784617 
2.700000 	 1.785309 
2.710000 	 1.785970 
2.720000 	 1.786601 
2.730000 	 1.787202 
2.740000 	 1.787774 
2.750000 	 1.788317 
2.760000 	 1.788833 
2.770000 	 1.789323 
2.780000 	 1.789786 
2.790000 	 1.790223 
2.800000 	 1.790636 
2.810000 	 1.791025 
2.820000 	 1.791391 
2.830000 	 1.791734 
2.840000 	 1.792055 
2.850000 	 1.792355 
2.860000 	 1.792635 
2.870000 	 1.792896 
2.880000 	 1.793137 
2.890000 	 1.793360 
2.900000 	 1.793566 
2.910000 	 1.793755 
2.920000 	 1.793928 
2.930000 	 1.794086 
2.940000 	 1.794230 
2.950000 	 1.794359 
2.960000 	 1.794476 
2.970000 	 1.794580 
2.980000 	 1.794672 
2.990000 	 1.794754 
3.000000 	 1.794825 
3.010000 	 1.794887 
3.020000 	 1.794940 
3.030000 	 1.794985 
3.040000 	 1.795022 
3.050000 	 1.795052 
3.060000 	 1.795077 
3.070000 	 1.795096 
3.080000 	 1.795111 
3.090000 	 1.795121 
3.100000 	 1.795128 
3.110000 	 1.795132 
3.120000 	 1.795135 
3.130000 	 1.795136 
3.140000 	 1.795136 
3.150000 	 1.795136 
3.160000 	 1.795136 
3.170000 	 1.795138 
3.180000 	 1.795142 
3.190000 	 1.795148 
3.200000 	 1.795157 
3.210000 	 1.795169 
3.220000 	 1.795186 
3.230000 	 1.795207 
3.240000 	 1.795234 
3.250000 	 1.795267 
3.260000 	 1.795307 
3.270000 	 1.795353 
3.280000 	 1.795407 
3.290000 	 1.795469 
3.300000 	 1.795540 
3.310000 	 1.795620 
3.320000 	 1.795710 
3.330000 	 1.795810 
3.340000 	 1.795921 
3.350000 	 1.796043 
3.360000 	 1.796177 
3.370000 	 1.796322 
3.380000 	 1.796481 
3.390000 	 1.796653 
3.400000 	 1.796838 
3.410000 	 1.797037 
3.420000 	 1.797250 
3.430000 	 1.797479 
3.440000 	 1.797722 
3.450000 	 1.797981 
3.460000 	 1.798256 
3.470000 	 1.798548 
3.480000 	 1.798856 
3.490000 	 1.799182 
3.500000 	 1.799524 
3.510000 	 1.799885 
3.520000 	 1.800263 
3.530000 	 1.800660 
3.540000 	 1.801076 
3.550000 	 1.801511 
3.560000 	 1.801965 
3.570000 	 1.802438 
3.580000 	 1.802932 
3.590000 	 1.803445 
3.600000 	 1.803979 
3.610000 	 1.804533 
3.620000 	 1.805108 
3.630000 	 1.805704 
3.640000 	 1.806321 
3.650000 	 1.806960 
3.660000 	 1.807620 
3.670000 	 1.808301 
3.680000 	 1.809005 
3.690000 	 1.809730 
3.700000 	 1.810478 
3.710000 	 1.811248 
3.720000 	 1.812040 
3.730000 	 1.812855 
3.740000 	 1.813692 
3.750000 	 1.814552 
3.760000 	 1.815434 
3.770000 	 1.816339 
3.780000 	 1.817268 
3.790000 	 1.818218 
3.800000 	 1.819192 
3.810000 	 1.820189 
3.820000 	 1.821208 
3.830000 	 1.822251 
3.840000 	 1.823316 
3.850000 	 1.824404 
3.860000 	 1.825515 
3.870000 	 1.826649 
3.880000 	 1.827805 
3.890000 	 1.828984 
3.900000 	 1.830186 
3.910000 	 1.831410 
3.920000 	 1.832656 
3.930000 	 1.833925 
3.940000 	 1.835216 
3.950000 	 1.836529 
3.960000 	 1.837864 
3.970000 	 1.839221 
3.980000 	 1.840599 
3.990000 	 1.841999 
4.000000 	 1.843421 
4.010000 	 1.844863 
4.020000 	 1.846326 
4.030000 	 1.847811 
4.040000 	 1.849315 
4.050000 	 1.850841 
4.060000 	 1.852386 
4.070000 	 1.853951 
4.080000 	 1.855536 
4.090000 	 1.857140 
4.100000 	 1.858764 
4.110000 	 1.860406 
4.120000 	 1.862068 
4.130000 	 1.863747 
4.140000 	 1.865445 
4.150000 	 1.867161 
4.160000 	 1.868894 
4.170000 	 1.870645 
4.180000 	 1.872412 
4.190000 	 1.874197 
4.200000 	 1.875997 
4.210000 	 1.877814 
4.220000 	 1.879646 
4.230000 	 1.881494 
4.240000 	 1.883357 
4.250000 	 1.885234 
4.260000 	 1.887126 
4.270000 	 1.889032 
4.280000 	 1.890951 
4.290000 	 1.892884 
4.300000 	 1.894830 
4.310000 	 1.896788 
4.320000 	 1.898758 
4.330000 	 1.900741 
4.340000 	 1.902734 
4.350000 	 1.904739 
4.360000 	 1.906754 
4.370000 	 1.908779 
4.380000 	 1.910814 
4.390000 	 1.912859 
4.400000 	 1.914913 
4.410000 	 1.916975 
4.420000 	 1.919046 
4.430000 	 1.921124 
4.440000 	 1.923210 
4.450000 	 1.925302 
4.460000 	 1.927401 
4.470000 	 1.929507 
4.480000 	 1.931618 
4.490000 	 1.933734 
4.500000 	 1.935855 
4.510000 	 1.937981 
4.520000 	 1.940111 
4.530000 	 1.942244 
4.540000 	 1.944380 
4.550000 	 1.946519 
4.560000 	 1.948661 
4.570000 	 1.950804 
4.580000 	 1.952949 
4.590000 	 1.955095 
4.600000 	 1.957241 
4.610000 	 1.959388 
4.620000 	 1.961534 
4.630000 	 1.963680 
4.640000 	 1.965824 
4.650000 	 1.967967 
4.660000 	 1.970109 
4.670000 	 1.972247 
4.680000 	 1.974383 
4.690000 	 1.976516 
4.700000 	 1.978645 
4.710000 	 1.980771 
4.720000 	 1.982892 
4.730000 	 1.985008 
4.740000 	 1.987118 
4.750000 	 1.989224 
4.760000 	 1.991323 
4.770000 	 1.993416 
4.780000 	 1.995502 
4.790000 	 1.997581 
4.800000 	 1.999652 
4.810000 	 2.001715 
4.820000 	 2.003770 
4.830000 	 2.005817 
4.840000 	 2.007854 
4.850000 	 2.009882 
4.860000 	 2.011900 
4.870000 	 2.013908 
4.880000 	 2.015905 
4.890000 	 2.017892 
4.900000 	 2.019868 
4.910000 	 2.021832 
4.920000 	 2.023784 
4.930000 	 2.025724 
4.940000 	 2.027651 
4.950000 	 2.029566 
4.960000 	 2.031468 
4.970000 	 2.033356 
4.980000 	 2.035231 
4.990000 	 2.037091 
5.000000 	 2.038938 
5.010000 	 2.040769 
5.020000 	 2.042586 
5.030000 	 2.044388 
5.040000 	 2.046175 
5.050000 	 2.047945 
5.060000 	 2.049700 
5.070000 	 2.051439 
5.080000 	 2.053162 
5.090000 	 2.054868 
5.100000 	 2.056557 
5.110000 	 2.058229 
5.120000 	 2.059884 
5.130000 	 2.061521 
5.140000 	 2.063141 
5.150000 	 2.064743 
5.160000 	 2.066327 
5.170000 	 2.067893 
5.180000 	 2.069440 
5.190000 	 2.070969 
5.200000 	 2.072480 
5.210000 	 2.073971 
5.220000 	 2.075444 
5.230000 	 2.076897 
5.240000 	 2.078331 
5.250000 	 2.079746 
5.260000 	 2.081142 
5.270000 	 2.082518 
5.280000 	 2.083874 
5.290000 	 2.085211 
5.300000 	 2.086528 
5.310000 	 2.087825 
5.320000 	 2.089102 
5.330000 	 2.090359 
5.340000 	 2.091596 
5.350000 	 2.092813 
5.360000 	 2.094010 
5.370000 	 2.095186 
5.380000 	 2.096342 
5.390000 	 2.097479 
5.400000 	 2.098595 
5.410000 	 2.099690 
5.420000 	 2.100766 
5.430000 	 2.101821 
5.440000 	 2.102856 
5.450000 	 2.103871 
5.460000 	 2.104866 
5.470000 	 2.105841 
5.480000 	 2.106796 
5.490000 	 2.107731 
5.500000 	 2.108646 
5.510000 	 2.109541 
5.520000 	 2.110417 
5.530000 	 2.111272 
5.540000 	 2.112109 
5.550000 	 2.112925 
5.560000 	 2.113723 
5.570000 	 2.114501 
5.580000 	 2.115260 
5.590000 	 2.115999 
5.600000 	 2.116720 
5.610000 	 2.117423 
5.620000 	 2.118106 
5.630000 	 2.118771 
5.640000 	 2.119418 
5.650000 	 2.120047 
5.660000 	 2.120658 
5.670000 	 2.121251 
5.680000 	 2.121826 
5.690000 	 2.122384 
5.700000 	 2.122924 
5.710000 	 2.123448 
5.720000 	 2.123955 
5.730000 	 2.124445 
5.740000 	 2.124918 
5.750000 	 2.125376 
5.760000 	 2.125817 
5.770000 	 2.126242 
5.780000 	 2.126652 
5.790000 	 2.127047 
5.800000 	 2.127427 
5.810000 	 2.127792 
5.820000 	 2.128142 
5.830000 	 2.128478 
5.840000 	 2.128799 
5.850000 	 2.129108 
5.860000 	 2.129402 
5.870000 	 2.129683 
5.880000 	 2.129951 
5.890000 	 2.130207 
5.900000 	 2.130450 
5.910000 	 2.130681 
5.920000 	 2.130900 
5.930000 	 2.131107 
5.940000 	 2.131303 
5.950000 	 2.131489 
5.960000 	 2.131663 
5.970000 	 2.131827 
5.980000 	 2.131981 
5.990000 	 2.132125 
6.000000 	 2.132260 
