         100   8.9409551019124436       0.44688191469128641     
         200   12.936163620025546       0.40932227459008563     
         300   15.987555428149317       0.69321702900118998     
         400   17.458862572929181        2.2765508149308347     
         500   22.181725002199691       0.25348422978111917     
         600   22.479640721018146        9.3898149248013138E-002
         700   23.792700814392987        1.2478992315408226     
         800   25.434030531714843       0.48314613691282698     
         900   26.737025871273307       0.36274270301046446     
        1000   26.281667144472763       0.36542501465032406     
        1100   32.045146553515458        2.0643392302524077     
        1200   33.302724666214175        1.9090054262662277     
        1300   35.257275101691611       0.77543512335215259     
        1400   35.399780089448029        2.8328712277582553     
        1500   34.680619859969461        1.4881629986746130     
        1600   32.979677069865808        7.5482297833784173     
        1700   34.638418667053131       0.92933466059244629     
        1800   36.102753457045530        1.3081024590602854     
        1900   38.067472882814450       0.73857998266395986     
        2000   41.494803918531403       0.94953912173964450     
        2100   43.493838178904042        1.7493838178904042     
        2200   43.228309557901568        2.2695889337496467     
        2300   43.019656126421239       0.18371355624732358     
        2400   46.251482635854885        4.1680309112067544     
        2500   42.965859117641266        2.1564924558608571     
        2600   47.193449041702053        2.8450453554607718     
        2700   47.838876177517697        1.2061788537521061     
        2800   47.784921735375875        1.3579658982401732     
        2900   52.857450842065390        2.6857450842065389     
        3000   44.317655998375258        1.9962978721577529     
        3100   50.200711932320694        1.4806979920259331     
        3200   47.162245861688206        1.5256133594600574     
        3300   52.279919577553507       0.73577646871211044     
        3400   51.097288218126614        4.3886185667198641     
        3500   52.632917713754523        3.7599621335381612     
        3600   48.631375361071221       0.13661661686853249     
        3700   53.693925992727863       0.84170003020407758     
        3800   54.227678354516932        2.7209166182304338     
        3900   56.620658693937621        5.6180050523690976     
        4000   55.578058431858260        1.5553066239479256     
        4100   58.781854870778915        3.6643508633899442     
        4200   57.093474327039658        2.7665596387915334     
        4300   64.606015564186023        4.2515293529811498     
        4400   58.921700716197499        1.7136535884645141     
        4500   61.907797612054594        5.0386458696983771     
        4600   60.960175704321543       0.92537830218462891     
        4700   59.911178441908554        4.9737533185675885E-002
        4800   62.439733989814094        15.189645054280279     
        4900   68.520416810233215        3.4461644078380407     
        5000   60.066094408847029       0.20660944088470287     
        5100   64.401060092806432       0.89337883763899839     
        5200   66.629641054776698       0.74012694749333086     
        5300   68.921697763573050       0.89628321509099607     
        5400   69.969749542663891        2.6113547653050615     
        5500   66.544038517507531        3.5563747669442973     
        5600   61.879389532353407        2.4143465004126994     
        5700   64.497569218161459       0.25844701068322279     
        5800   69.364859500656650        5.6326454690251353     
        5900   67.513482804887204        1.0010706968370016     
        6000   70.318480315317785        5.1450518051204588     
        6100   64.626359965036414        1.0166687840224200     
        6200   69.362535968339358        16.717921510322093     
        6300   71.858470611452390        1.7963575680090087     
        6400   65.049448408123368        2.6839502059037770     
        6500   69.206005128492237        2.3368289359772705     
        6600   72.948744353387752        2.4907095755530499     
        6700   72.434247451035674        2.2274502635097861     
        6800   74.971062991160466        2.5467973244757287     
        6900   71.772232903713743       0.72741709173253499     
        7000   64.029259737589996        2.6827109262113447     
        7100   77.023980039286840        3.9821829563810289     
        7200   72.514695497502402        6.4268484246267086     
        7300   80.268122564132682        2.1329121492977450     
        7400   81.729858624381436        2.3317531158340503     
        7500   75.868727884530969        2.2054231696236131     
        7600   84.029794930537832        4.3531954822277967     
        7700   75.797427093486021        2.4372428651643205     
        7800   74.916677593623447        1.9346901635824232     
        7900   79.638239419655335        2.1968846947388969     
        8000   88.112077979749188        4.0301316960186879     
        8100   78.196459366417486        2.7088730009694935     
        8200   89.565282233268704        4.9340911511031171     
        8300   82.582437066676562        1.2338582733997725     
        8400   88.634000724091678        10.044799207268419     
        8500   81.434724941254785       0.93653139543457797     
        8600   80.930939343319139       0.76354199586189819     
        8700   75.752616477181178        4.4862473789335642     
        8800   87.125079370222267       0.63521905941920809     
        8900   89.460854173633237        1.3310737231774128     
        9000   86.697282692855822       0.21396465651954202     
        9100   84.068103200642923        1.1315333516640436     
        9200   81.452948104114682        4.5077680598978391     
        9300   92.767360704960495        3.2236376903274269     
        9400   80.913147308623607        4.5473057015284901     
        9500   78.224237340220142        3.8984977314601252     
        9600   84.702049329363675        2.6719293272066778     
        9700   89.235125710929950        3.7196678385899200     
        9800   91.900217522314776       0.66999853172331714     
        9900   89.586358814027719       0.53842210739441898     
       10000   85.016352138491442        2.8980649234003844     
       10100   87.062954438482478        2.0579873884103832     
       10200   86.634428706659932        18.420500712202436     
       10300   89.381720857560381        6.4683542787103452     
       10400   92.225413296251475        3.3761749367277609     
       10500   97.724208993018294        3.6112521790020842     
       10600   94.627019628010828        2.0518990373415207     
       10700   93.825243996071464        3.0519267016596529E-002
       10800   88.559037988070372        3.9456586058371697     
       10900   101.99038346300912        3.1776424736841293     
       11000   92.078867886206538        2.6886843834180056     
       11100   93.135406000667103        2.8618444041128286     
       11200   92.312790456614223        6.5629462328361559     
       11300   96.657859749478959        1.6296177338021196     
       11400   95.302502455340971        2.8576470740274433     
       11500   86.378643198654700        5.4067654355847674     
       11600   101.34043932436720        4.8925990725727502     
       11700   86.406259228736246       0.78569116821143148     
       11800   91.996792609963080        2.0428643269631519     
       11900   105.62871982700081        6.2617093491787674     
       12000   99.999977492491780       0.34598304033144134     
       12100   99.054229930957547        3.5919841653180411     
       12200   97.024621936897063        3.7057442486350824     
       12300   92.948822100469187        5.9524126319898158     
       12400   88.157611369455296        15.191321151412630     
       12500   99.660634665801282        6.7754522398713650     
       12600   100.21662885123645       0.41957977779740219     
       12700   102.43482549881089        2.2433104731492834     
       12800   107.16771044122508        2.8545221882853737     
       12900   104.94112538894242        1.5366812836263648     
       13000   103.04583032608546        2.8199320721428549     
       13100   97.889742225315800        2.7547720645039901     
       13200   107.32542745953586       0.43205732049911350     
       13300   105.92051059087883        2.2374116294057145     
       13400   103.84625159346260        2.0733040425716891     
       13500   108.61578283241340        4.5054788504130583     
       13600   96.865979531468966        8.8619768280233640     
       13700   100.83252922313548        1.9674731968877339     
       13800   106.55944694810577        6.5449837365916839     
       13900   101.79802624516351       0.79744657553372356     
       14000   103.28146272941980        6.3057092007182272     
       14100   104.81229104482289        7.6528019797360978     
       14200   96.046110914595175        7.1962921757010569     
       14300   102.95061662731793        5.8296389503785706     
       14400   101.82158062545784        4.3357916696483976     
       14500   101.17172555164188        8.1936341489970541     
       14600   108.61458573652325        3.6802057052395525     
       14700   113.96280350823614        5.4498528518962113     
       14800   101.66148862314328        4.5661488623143285     
       14900   114.29347565129632        4.0709750121588799     
       15000   111.74996684180722        6.8455471477906098     
       15100   104.26307680341891        1.5066664319507881     
       15200   109.62735531830209       0.95783492431827144     
       15300   105.62830943320849        7.7286971503076343     
       15400   104.76635082492984       0.56872593469427668     
       15500   109.18553201551796        1.2880024141819064     
       15600   112.23146106724602       0.48155380399502407     
       15700   120.28292051847535        3.5382979411310855     
       15800   114.96288237728763        17.348121965983150     
       15900   116.17732518876446       0.61773251887644565     
       16000   122.21268722350645        3.6737544638074042     
       16100   124.09242997731228        2.1087575722767555     
       16200   108.39630951508175        6.9977564090484661     
       16300   110.19955550759643       0.24059505744775436     
       16400   119.45397436386604        4.0397032859656550     
       16500   121.94434559345800        4.1738274131423001     
       16600   110.42898162415278        1.9632542278960075     
       16700   113.31345167463351        6.6794638276181475     
       16800   117.01543409630938        3.8427903278755382     
       16900   120.88234674791386        6.3176194562899823     
       17000   118.48366525268497        9.0023166311169565     
       17100   110.48199400014079        13.201336678022548     
       17200   117.29250703116668        9.2945453385119681     
       17300   119.61454600921529        1.0777171519161484     
       17400   117.23392965746433        9.6837851603093181     
       17500   111.98478615564194        3.5045822902472210     
       17600   117.27135876942462        4.9101715975258760     
       17700   119.17984833189843        1.7572761964854122     
       17800   115.66677269169899        8.4650647853157359     
       17900   116.73186436187252        1.1868291159028772     
       18000   128.27178542562180        4.2900642260615092     
       18100   110.33018372065270        6.7318557385439561     
       18200   112.06873213650053        4.6707840442705866     
       18300   120.05194493739856        2.3954999339604965     
       18400   125.89493236206573        4.8927406742490298     
       18500   123.40883351431896        6.8533866268715258     
       18600   119.71631247293841        7.3326658453965603     
       18700   133.86037223920221        1.4146384363325921     
       18800   128.24554270079739        7.4850493695780269     
       18900   121.45856482877076        6.5512161905973301     
       19000   120.31783930137003        12.847524741930233     
       19100   128.27780774488599        3.5868468484579554     
       19200   125.41229272768486        7.3665581482384015     
       19300   123.04146556002785       0.20584944719401935     
       19400   113.79130927943879        2.8335394756080148     
       19500   125.23548197947304        1.3835302446404059     
       19600   131.84062603623178        3.9753710570461078     
       19700   128.78997502806885        6.5410951849224910     
       19800   132.77559559474153        5.2413913183283771     
       19900   130.42222627819473        1.0638044528294217     
       20000   138.49472877265745        1.7664269036711731     
       20100   123.30740460146198        1.8188424393318798     
       20200   129.52474090156548        1.2554659256727774     
       20300   116.93549954192221        9.5534564982889520     
       20400   122.49987214455959        3.0793819999676586     
       20500   137.03138188803530        1.2219523477065395     
       20600   138.07656694850886        1.5318348221453675     
       20700   130.18371196285329        10.915991592122465     
       20800   131.74656823028738        2.6143537970734698     
       20900   135.61633229454469        13.161016339777996     
       21000   129.15507438147392        4.3120197732524161     
       21100   130.31126101222904        5.6075433791879759     
       21200   131.80054635630353        9.7566060819056144     
       21300   132.52927760145448        5.8745810618667615     
       21400   124.12139101396022        3.1774219969038651     
       21500   124.04318374963520        4.3420606266649715     
       21600   125.53051895786732        4.9412190021927058     
       21700   124.01335947514406        3.4369620151084179     
       21800   127.01653521211934        2.2997306220552587     
       21900   133.34103830010420        11.410565423843286     
       22000   135.16803573528657        1.3020583858466808     
       22100   132.40801906405866        6.6544523863758220     
       22200   132.61138408811428        6.8580141713785796     
       22300   132.46470414461538       0.27832163569583201     
       22400   130.06267090458522        5.8943053357807029     
       22500   122.35693124605376        3.7728330879511009     
       22600   132.79109551186193        8.3897621314833977     
       22700   126.22539894626901        9.2868188362898945     
       22800   140.39583882695268        10.478164790459861     
       22900   132.99818452499565        3.6075763793484215     
       23000   134.86267024233291        8.7852033148160285     
       23100   136.95041103057963        7.4773244803740369     
       23200   134.82218230955920        6.6925201522487372     
       23300   140.34966314187810        4.1556950860050348     
       23400   144.16431053986673        1.2315912749070661     
       23500   139.54634887230088        5.2333822067793907     
       23600   123.69606551335495        2.4600933781978069     
       23700   136.12930441488459        8.3078359684708438     
       23800   132.11326731214146        4.1902403221390170     
       23900   141.19594984646773        9.3222479463175070     
       24000   135.37610808958169        3.0257127881438510     
       24100   140.13042914445322        1.5465200614226062     
       24200   136.31441202320249        3.8897780999542064     
       24300   147.95156819811845        2.1642063757801395     
       24400   145.25903304089033        1.8673880066880684     
       24500   143.85302498098156        15.528239585713987     
       24600   140.89516902869767        3.3104830971302333     
       24700   134.73904560031053        2.1513606762565245     
       24800   125.73998659018329        6.8424891799292711     
       24900   146.92346236307151        10.513829753151915     
       25000   141.71089703512038       0.72490065233475032     
       25100   139.50544810877898        2.9187725144606076     
       25200   139.02309872200121        8.3291599549630124     
       25300   142.34681871128797        5.3744996518211083     
       25400   138.36386947821742        6.8107197197216234     
       25500   127.56740854271298        4.6426844235934865     
       25600   139.16599749419851        11.088172624673660     
       25700   139.91134983273582        3.4678275184125469     
       25800   158.03504837632829        6.8261217611425025     
       25900   145.26181815289254        2.8663453156368321     
       26000   142.65969148193986        19.088191012121850     
       26100   141.29860270962072        6.0974260197527910     
       26200   149.57454300461859        7.0265022769025176     
       26300   160.85770846786545       0.71241727640379793     
       26400   142.10634544800254       0.30739751164858548     
       26500   144.04872960682201        3.6378541059227816     
       26600   141.21807827409350        2.4213804847863472     
       26700   142.91638299355304        3.7797402785409857     
       26800   133.15001625752370        9.0959970038065734     
       26900   143.59504363999559        2.2838126130936787     
       27000   135.04995248545416        5.1563426626486946     
       27100   136.83068501861004        15.156140918648429     
       27200   146.24991062465327        13.495464125884665     
       27300   149.82845049419637        6.0941566348807186     
       27400   160.90335996296031        18.568284864898086     
       27500   139.23551329231088        12.070678799780234     
       27600   140.96489364615371        6.0342316163168217     
       27700   140.04857744512137        5.6547455068253640     
       27800   151.31527016145372        11.504538759415402     
       27900   147.79448878325317        2.6988859775329872     
       28000   155.18738080337059        3.7060330556612970     
       28100   138.04397219954316        20.587462281968520     
       28200   145.93668663394911        5.3592759814438553     
       28300   142.21564371900800        2.1619639416219001     
       28400   134.69174712370119        10.028244605553068     
       28500   149.34465807961186        8.0613296969853536     
       28600   144.02325634538983        2.1736707616594644     
       28700   152.82967573628349        9.9463019479778154     
       28800   148.76521654085485        6.6923906678414360     
       28900   152.29501076142557        4.5391609928999515     
       29000   132.05710014057146        4.1891168031319239     
       29100   143.76876747083386        1.1215102657641125     
       29200   159.30761082812211        5.2106864562062940     
       29300   147.57915386746978        8.4971915792508348     
       29400   143.02943179271210        6.1432863237410720     
       29500   152.46106698519029        6.0537185430939102     
       29600   152.74054228621372        2.3087158219310169     
       29700   166.07832350552937        1.6185028125115508     
       29800   154.39772814156248        3.2726038747521446     
       29900   163.49959247928504        1.3853342943922484     
       30000   148.25098733561009        1.2273047948369793     
       30100   154.94246007979780        2.0109229754332407     
       30200   146.85503354944458       0.38445444236465393     
       30300   149.87850947537368        2.4236159927142125     
       30400   138.93250326531114       0.36858686227454029     
       30500   141.50160643658137        2.3433829291417836     
       30600   160.81769336701007        4.1375283761276966     
       30700   143.42138506369574        28.476782544960056     
       30800   147.25016142541028        6.2103229595778275     
       30900   166.92024937930637        3.3616085903441899     
       31000   159.34087763100678        15.368402338151441     
       31100   146.00398352673565       0.14883891574136782     
       31200   154.26441933453725        3.5335869355989202     
       31300   164.91300539168142       0.87533413770578639     
       31400   148.73217413800791        6.5305205774940926     
       31500   154.52288058567282        4.2264250627882944     
       31600   159.20584134837657        14.060476611063828     
       31700   167.68261155496916        4.2958916933618241     
       31800   162.71229331978719        5.2548778488423906     
       31900   169.73873301299619        7.3437123472968251     
       32000   163.01209717533769        3.4674523515087401     
       32100   156.83915828194122        1.3296082041749513     
       32200   154.84166776901529        4.7766328124532809     
       32300   146.07374578485184       0.61957521456266706     
       32400   161.59642584077361       0.36427946851051729     
       32500   170.58564778519462        5.0321572558550596     
       32600   165.74993775170609        2.0250796860771603     
       32700   158.62846508114097        3.1576687320154404     
       32800   164.75183626443902        11.282881632145035     
       32900   174.16371906434000        4.0074466140818972     
       33000   161.34735751619792        11.388345471237505     
       33100   162.71871124147509        4.4312630316549617     
       33200   152.58100236135959        10.436257121073812     
       33300   163.43310199868952        5.5400167866749372     
       33400   172.79875906910135        2.1629979223526106     
       33500   162.01103001346689        5.5230882045785181     
       33600   145.12418546780421        3.0966399925161525     
       33700   165.35970854518607        9.6019965251747212     
       33800   168.67317158757550        11.852710696382143     
       33900   178.37845442336285        13.027440054014008     
       34000   155.88827473151662       0.99128109102848894     
       34100   173.85543788456513        7.8839649722807508     
       34200   165.55079323981542        4.4447531516606658     
       34300   160.12293190485818        8.7368482087627619     
       34400   158.18240083646015        7.8739527232682489     
       34500   155.60149238672986        8.2835081988930881     
       34600   173.74409965230060        9.5156568834746604     
       34700   178.85399551109160        8.3932975710417317     
       34800   167.75720672094442        7.1190486299934097     
       34900   169.86464713846144        5.8809793934431527     
       35000   166.48632133608808        16.458768851669394     
       35100   178.30434774991045       0.61353442906045075     
       35200   167.54881382217059        1.7642176210622522     
       35300   164.20263666069110        6.0877905835975188     
       35400   170.55853661518205        5.1084690104742787     
       35500   168.45502100944802        8.7461194084181670     
       35600   176.58418715012746        4.4584187150127459     
       35700   175.93048894588770        1.4029284503178248     
       35800   171.54834013991865        2.4660732025463150     
       35900   168.90660066679723        5.1518355940163714     
       36000   172.84818448292899        10.819629598235256     
       36100   179.50672773540242        2.6863352510664953     
       36200   165.07431814489593        1.2515095954030584     
       36300   156.53758027043048       0.12090520232574989     
       36400   166.57320769787461        13.429318291473667     
       36500   174.50083570359911        5.3670375967653383     
       36600   172.54646160952754        6.3734697539643985     
       36700   200.69523758724318        1.9047226312690555     
       36800   162.82406935014578        6.2195929761044342     
       36900   164.11057944846806        3.7324273543758695     
       37000   181.34303829686672       0.31633537085276375     
       37100   174.52286409579909        6.3006049220193896     
       37200   190.06840341453253        11.142786521909416     
       37300   170.59201374005443        10.952581860911966     
       37400   173.38790012688199        4.2408300025020598     
       37500   179.72541274091648        6.9119920749587207     
       37600   179.24248998431841        6.2195490877122150     
       37700   177.30761609409575       0.51390940001891749     
       37800   176.33345450257218        3.3434889079402184     
       37900   164.12323621549928        1.4230345189528861     
       38000   160.30025994439370        4.9890129940586512     
       38100   169.56399538051357        10.953067130129904     
       38200   173.26979003868283        3.9815678075056926     
       38300   181.88354577889541        1.2651798053530059     
       38400   178.84877367650094        2.3101715305328470     
       38500   177.28852795783433        14.427337991939599     
       38600   188.04652805702116        14.681547180084458     
       38700   174.10205563464154        1.6558410888177719     
       38800   172.14854521268364        1.9616581349367437     
       38900   176.45404230466488        5.2914656518866847     
       39000   153.83733461868900        3.1618859669881489     
       39100   164.99790160518566        10.696342909099803     
       39200   178.25424409907268        4.0029788954550583     
       39300   163.45412753097108        9.4099963993372278     
       39400   182.45014548445772        5.4309597647326937     
       39500   179.03672080756314        11.862149093959028     
       39600   188.23661683510397        11.252664391211317     
       39700   175.17469105122211        14.771848013702089     
       39800   189.39396924828299        9.3314361014551697     
       39900   170.01301235372623        15.837699967465445     
       40000   182.03432099930092        6.4620522832305225     
       40100   162.81586727335633        11.089284733036767     
       40200   174.17455837898066        5.2576861032361482     
       40300   177.53156034422827        5.7810743545233976     
       40400   170.63594875599077        6.5678814648775354     
       40500   198.93048227439238        7.4278968043718070     
       40600   173.87027063413635        11.489607089478907     
       40700   187.33039184061715        12.579897439640638     
       40800   182.41257838073719        4.3383790057729952     
       40900   181.09212925729298        2.9212411825395010     
       41000   179.80960755616303        9.5715345941700782     
       41100   184.05422552664876        12.662600946520385     
       41200   173.29877697410109        3.1053859417015732     
       41300   190.70147098789101        15.946047228426441     
       41400   179.84704749723807        7.1800761119593419     
       41500   174.17557606266092       0.89582547824344383     
       41600   172.19231351233066        4.6263762341438524     
       41700   171.98629589045501        7.0405948209887441     
       41800   185.81690275390213        2.4757907351596202     
       41900   195.32906966821832        15.399313117220926     
       42000   184.57737785778230        9.0715777615723781     
       42100   180.43972056367667        8.9730596088615844     
       42200   169.98673397362990        20.287785270630678     
       42300   184.99864599197983        7.8293444619225738     
       42400   199.61557245749026        5.0840012427335184     
       42500   176.73283509063683        9.8183487544014891     
       42600   169.47353286002328       0.20199072477545885     
       42700   184.60438898179976        5.0850884354818104     
       42800   170.31041531010510        8.2375160059760439     
       42900   189.20092914868241        6.3137453074127006     
       43000   185.35927815166610        7.3600609584078027     
       43100   192.73520272118157        15.288548503083902     
       43200   184.67084129441110        4.1269307132464297     
       43300   192.61998228876305        4.7788004267424382     
       43400   161.91914832475072        1.5167657701997599     
       43500   206.80050985270441        4.0319279679450348     
       43600   177.40186432093512        1.8046914601762609     
       43700   208.56724870612771        1.1296345369835676     
       43800   196.45238425220595        1.8059559284383879     
       43900   178.86086348879570        9.8890824174843885     
       44000   188.94454700277157        7.4209400336043752     
       44100   189.74594441836297        3.0215383082924800     
       44200   177.59074586132141        7.1214398780022385     
       44300   205.79220767812541        25.414909292446236     
       44400   174.97270989778491        14.643046370197901     
       44500   196.35218025244626        14.732157756392121     
       44600   179.86110553795200        2.4194795759631633     
       44700   188.43130633624207        2.8175261208452893     
       44800   189.40843192479917        12.359316551521390     
       44900   180.20662319379986        7.3415142433679357     
       45000   188.08558445794787        6.8651635282392842     
       45100   187.20147221319456        7.4718362850895232     
       45200   189.17505732069651        7.6757264896818072     
       45300   202.99373939488950        14.164229279417764     
       45400   186.48225953622935        15.087327190669964     
       45500   201.78307095674180        9.4449945434071729     
       45600   188.76441791255812        17.049036632837581     
       45700   196.09459145195783        1.4408048196822931     
       45800   171.93792528496678        10.767609439215883     
       45900   196.33238496700548        10.867253302613117     
       46000   187.82856521186048        12.741333534388762     
       46100   160.62235086874637        4.6604808358832575     
       46200   183.44101419396597        9.4897239709251355     
       46300   197.15518843141078        13.767409899955856     
       46400   206.71947015971912        3.0977816320375129     
       46500   171.46471643396762        5.2763410628176262     
       46600   205.08950801973842        9.9567676369535398     
       46700   203.11487254106453        9.1601940688177592     
       46800   195.07380231211380        1.3602981255201143     
       46900   188.06116074856206        12.016417996149023     
       47000   179.17697600576469        1.4252750981058258     
       47100   206.23893207774282        9.8674997601543968     
       47200   188.03087493098320        5.4707667538069300     
       47300   194.84698616328046        3.8609986704125476     
       47400   188.46240209797753        6.2635188491816853     
       47500   193.35784426176346        8.1756677346965869     
       47600   186.69678836369195        1.9526216790822104     
       47700   194.75367244233831       0.78151798839569719     
       47800   195.00772449896357        18.324351475875517     
       47900   197.26612327943778        3.5645877270125994     
       48000   193.89940165405409        6.0805449875620523     
       48100   198.22014319103999       0.97685578965670739     
       48200   189.28892442165724        5.0199025435426048     
       48300   204.78725811694468        3.6563109605998703     
       48400   203.69160029441821        1.9888363029668596     
       48500   177.52911618171845        1.2312923419630124     
       48600   222.16659506282068        3.4028642988162603     
       48700   195.94036189159672        4.9306452562740279     
       48800   181.04529382504700        8.2184643682068614     
       48900   199.71350014880096        2.2101738281745100     
       49000   190.02295832672971        3.2530101345849460     
       49100   202.96189907934942        7.1371625882581586     
       49200   205.40396969807688        13.960123419262846     
       49300   204.15343527101734        7.0699323307391433     
       49400   214.76462145819198        1.2843844914518798     
       49500   204.95627676121677        10.388204661327054     
       49600   184.87511352768126        11.991661864364914     
       49700   184.16689244611760        1.8891364917085041     
       49800   199.43334724829126        3.7810329085654528     
       49900   199.85143340759495        8.6103108434285929     
       50000   191.08239042990593        12.375407505654309     
       50100   204.07776097647621        12.031619461098851     
       50200   199.62372585074479        3.5428719836554450     
       50300   215.82791213735982        1.5559209371163205     
       50400   217.05089934865879        10.700156553935898     
       50500   209.76551431328681        5.5782974667539404     
       50600   189.17358026851630        8.6860335769087005     
       50700   192.08790829661055        11.277838806101714     
       50800   199.21662648082179        4.0065633622178751     
       50900   200.84076562916437        11.651077446478258     
       51000   203.53269554212326        21.521066261415839     
       51100   199.02228889874095        31.812565898464765     
       51200   206.94181061700371        14.036854270863074     
       51300   188.75241564040414        5.2509984657982214     
       51400   217.22793400213385        2.1984496212281357     
       51500   188.54050072534741        2.5795683807269483     
       51600   197.25828157995736        6.1020637420413237     
       51700   196.70474747176095        5.8736048017135065     
       51800   219.88060104497032        3.4796836224821930     
       51900   187.77407225812203        9.2368748460168035     
       52000   188.40005853019747       0.13278799466357610     
       52100   199.77821559662868        18.328579309415804     
       52200   206.58989778827484        18.269149144064787     
       52300   191.94614429826800        16.999164589816786     
       52400   204.01087142799850       0.99143491515301885     
       52500   196.79684244207704        11.544985489834318     
       52600   218.17957404971585        7.3673518813265648     
       52700   203.64130035458101        13.605856717556685     
       52800   187.78576905348780        11.800500909392463     
       52900   221.77515047569460        18.780457497276853     
       53000   210.71455915643983        2.5539541337075407     
       53100   211.52320767539680        19.738107205166585     
       53200   207.03221739405063        4.5320710070641157     
       53300   190.67416830372292        7.3806722023760090     
       53400   200.17500216280803        15.409043504494445     
       53500   192.87555924172946        12.221807763467590     
       53600   211.82726499825878        7.3950508436465530     
       53700   214.27555803177867        2.1060651774523254     
       53800   216.30259009095306        18.607015717529112     
       53900   188.03391760865949        2.3960763192710033     
       54000   215.71874511702677        5.3287221083051151     
       54100   213.82575420708673        5.7533785886863145     
       54200   197.94247273937387        4.6357513063289906     
       54300   218.61897496886144        9.5582395042402162     
       54400   175.78387223945438        8.7643537116519816     
       54500   218.06619028881568        23.468097977412356     
       54600   211.08303281183530        1.0799819161903315     
       54700   203.54165637499821        16.470868069710299     
       54800   210.78627127318924        2.0391943626591540     
       54900   210.85789887567799        16.348151929985956     
       55000   205.77385929305143        2.8771034456835909     
       55100   215.23313088968138        10.926648390207765     
       55200   201.96355652252737        17.150046409907173     
       55300   211.55638043369422        3.5709856441890508     
       55400   216.21123646029378        15.601718803197951     
       55500   201.78717844979346        14.578717844979346     
       55600   209.76418882771384        17.340487090231814     
       55700   246.34701180569778        1.4015352318661882     
       55800   199.37573252822651        11.072747609754700     
       55900   221.55187704324126        3.9469194903067288     
       56000   219.79681487350535        17.425562472656257     
       56100   207.94018631882358        10.267860738329745     
       56200   206.26426864518552        3.1226783817849393     
       56300   241.10545353873124        3.0813652079097666     
       56400   229.66391949061861        18.865653183826392     
       56500   219.04447551320465       0.30074416509522167     
       56600   233.36552615677573        12.451700756327352     
       56700   211.84342428114095        4.3409460960200246     
       56800   215.21346415303719        24.496258911353600     
       56900   197.85774918650307       0.51644170909751208     
       57000   207.76551583647407        12.706877153565276     
       57100   208.17738110127749        3.3657273156543881     
       57200   234.44072806073694        3.3592526674715062     
       57300   195.76225493970304       0.60150546968536112     
       57400   213.44143282667602        3.2931045313934817     
       57500   217.60304066187956        13.128965815371922     
       57600   221.70823948734335       0.53936537562835840     
       57700   210.44499994522724        7.7645263687544661     
       57800   228.74370553029974        6.2310535759367358     
       57900   206.51045474069122        18.896647252561593     
       58000   226.92953655156390        2.9911770855167874     
       58100   201.77204076007249        12.280768750403215     
       58200   215.48317904726727        8.3543799027502139     
       58300   225.08328662312437        8.0328321250602528     
       58400   210.82612063313962        5.7607322830781182     
       58500   204.83377503867993        7.8757480115635445     
       58600   202.06090234715472        14.882557573033004     
       58700   205.03916771572261        16.854259253393327     
       58800   213.75006082159186        2.8349092419389139     
       58900   229.18740376533060        12.794512010874767     
       59000   224.70513244866629        6.9862347087008176     
       59100   234.25405197295419        1.1354971669782004     
       59200   191.15056009838545        6.5087084023830064     
       59300   231.38862779427291        13.287974494607488     
       59400   220.69402801338958        14.941406430559766     
       59500   218.14804222886741        9.3730139117632039     
       59600   224.36798678685113        8.6600065992494937     
       59700   215.37594908649845        5.1164854544015101     
       59800   233.74367927462262        9.5692963955939820     
       59900   213.85258162991298        5.0075438860523009     
       60000   229.25392718953339        18.395062264020890     
       60100   223.36860881154385        9.5017527787658427     
       60200   207.38598180503149       0.91319158385582289     
       60300   218.26766729089334       0.52840998496468217     
       60400   215.60702480029929        13.350952179320410     
       60500   222.74562515875849        11.030008278379372     
       60600   228.17976174458352        4.6530995234461612     
       60700   209.00329340857709        7.2518862061994556     
       60800   198.71948654254567        7.3978248248610615E-002
       60900   234.13192552857228        7.7088253765765868     
       61000   202.96992302562569        13.034761240416445     
       61100   209.19357217537680        6.5138027332423949     
       61200   215.20316582459733        15.514261854455137     
       61300   219.36372615318007        6.5675730525675045     
       61400   220.45955559045683        3.5704454371910854     
       61500   224.23804242209150        1.5177913604235214     
       61600   208.12075612095944        6.4364017148485511     
       61700   206.44134033262071        11.784111459927397     
       61800   211.18544472138947        2.9174456042134183     
       61900   212.00665508786867        12.400822553499902     
       62000   222.39761147131179       0.44106776188358765     
       62100   222.78871538776539        15.175367206657867     
       62200   219.66688468301973        4.6964829107528683     
       62300   216.11372094918312        1.6248766542463784     
       62400   224.21743913042658       0.34050553642959758     
       62500   254.62339915465557        9.1933510101893603     
       62600   230.32613768984029        6.5596055434048282     
       62700   229.04826361950060        2.5711105185534082     
       62800   221.49483719818619        10.562899256662934     
       62900   210.11558055798386        1.1999452996394382     
       63000   213.88479152494688        1.9533288323208837     
       63100   223.64669578248268        9.7250493307882984     
       63200   214.47916964167504        3.4619204499947984     
       63300   224.28533440619398        26.710656621895872     
       63400   223.45407642463849        19.214669354577435     
       63500   221.58063764054782        10.619062406492873     
       63600   211.68508932238379        14.213124721396101     
       63700   230.97190818244945        7.0715863054660275     
       63800   246.50751220905127        15.926335909641839     
       63900   240.64981783319672        5.8642681237528391     
       64000   228.98050533038230       0.49626488992486772     
       64100   227.32917729419279        15.433602693061413     
       64200   235.51516287960266        9.7498350359725237     
       64300   250.05886067806307        2.0233573548276298     
       64400   231.97343372266786        9.6720953208414393     
       64500   231.48202671342139        11.252378719093693     
       64600   227.91042435290433        13.765523059653372     
       64700   224.74134697048299        12.957489595382890     
       64800   216.86541101686751        6.1817031470353072     
       64900   199.55472701197604        3.9823703099900651     
       65000   230.90217002324846        8.3871560965134311     
       65100   233.42201674114079        1.6969676411807086     
       65200   228.28115278393477        12.114408957843375     
       65300   242.14935663045199       0.67924036268419175     
       65400   243.03524569279566        3.1555358662123951     
       65500   239.45215590312236        2.7927723668995017     
       65600   213.80798899392803        8.4148383651464460     
       65700   226.50579459747578        2.5307628396613238     
       65800   232.68302302623783        11.509050625752504     
       65900   214.97634827350001        13.859572245778677     
       66000   245.52563768161278        5.4523019898504881     
       66100   234.08825138549022        1.4265595592234916     
       66200   238.43357792450882        17.456763272746979     
       66300   222.60364221768944        4.3197034982350804     
       66400   236.15848188204555       0.68435757224117710     
       66500   225.07895821372355        6.8893171408393528     
       66600   210.85841873867568        8.0627853969878025     
       66700   222.30138282249675       0.16840670922939296     
       66800   218.28289642503916        4.1999034429676696     
       66900   243.11311205110849       0.45317950235172194     
       67000   237.81154425653691        6.2882987411177877     
       67100   242.17448764580652        10.997604834697032     
       67200   239.23671502944114        6.9246671881426378     
       67300   224.77070541648902        15.650651275298497     
       67400   234.92860966449859        9.2574062080328527     
       67500   232.95582199992009        2.2167677505711509     
       67600   241.09300769356778        19.143417162182725     
       67700   251.91957176290890        20.068400754242536     
       67800   236.33293118894150        2.8672729127965710     
       67900   249.09352579747264        6.7702938829265289     
       68000   227.21240848605817        6.9098525477639186     
       68100   243.49654494438039        12.676822518640046     
       68200   253.72793847522993        3.3923479921723785     
       68300   228.37707331208946        14.417359438292351     
       68400   252.55444716270515        8.4482642784380655     
       68500   224.65029669758832        15.925916580050107     
       68600   240.01765416558402        7.2321904648217243     
       68700   240.15604465987226        3.2608459754626975     
       68800   231.58009345184968        37.736982238688327     
       68900   211.99040247149139        1.4258260420685700     
       69000   229.54407145685954        5.8138120568332905     
       69100   219.94353947475224        10.683297409733049     
       69200   225.13087286633723        6.0449238485976675     
       69300   218.13700923283474        22.465639631878364     
       69400   247.99151507487798        18.726260927212206     
       69500   247.42394968605768        28.814490676472587     
       69600   226.35644307363154        22.510562620794165     
       69700   230.61379608603158        6.2298615546663711     
       69800   242.29238989820328        3.9684394004655190     
       69900   242.81572388089097        16.418550461848344     
       70000   227.59388407790783        18.031296803418893     
       70100   242.28089311480844        16.825387102152142     
       70200   243.29373448837353        6.2346576989023079     
       70300   236.97886264653260        16.182568573430888     
       70400   246.26806522539576        13.282822861035251     
       70500   264.04467502956419        3.7842721196247111     
       70600   231.75406450155597        11.527230627306768     
       70700   242.77176578829224        8.6611591608061502     
       70800   235.51401584482804        11.813270052618535     
       70900   235.03636815144583        7.4923907674442347     
       71000   238.17391739879051       0.11085255761965412     
       71100   226.90863654290561        20.290863654290561     
       71200   233.71180868465987        8.6993663672766530     
       71300   238.00776137512219        8.3628679346385635     
       71400   224.21841906854274        17.204562922556040     
       71500   242.06521012404835        9.1584306584727972     
       71600   233.62627142137350        18.362627142137352     
       71700   257.40166151483425        20.426034049248855     
       71800   250.18506679045143        8.8877906379017730     
       71900   243.11041957977241        9.0368807698792182     
       72000   219.33549046751551        5.4988297001974384     
       72100   253.35300493327711        12.028318175104287     
       72200   234.14357225416171        6.8871278867033308     
       72300   234.87527613941776        14.148362769053341     
       72400   225.40971557392808        13.115474223034266     
       72500   250.73179371044247        8.0684741398442679     
       72600   229.75855383891891        10.450680734410950     
       72700   232.19168848500331        16.877215028353199     
       72800   231.59718113293277        7.5368615007288700     
       72900   249.18049094169740       0.30910762973450118     
       73000   224.07226637527302        20.794775087867592     
       73100   238.56836168821778        13.105092124249287     
       73200   241.41826218841445       0.46356614762844117     
       73300   231.16126458463714        21.028065156681603     
       73400   254.10927398576331        9.5692103199260483     
       73500   245.93402440769685        8.1349699516168990     
       73600   233.32295748435783        5.5081548154202462     
       73700   247.49776389138867        12.449369891790903     
       73800   241.65092350185611        7.0952358774439599     
       73900   238.95821187607933        16.210770764871590     
       74000   239.59261890731409        10.931711153882867     
       74100   242.95788129622389        8.8627067781877376     
       74200   234.82255009570534        30.004378834783520     
       74300   236.62729122418631        2.1086111863953620     
       74400   231.48967540496716        19.731564172624562     
       74500   249.24444456353987        11.605543225001721     
       74600   278.25625037290496        15.315629034093693     
       74700   231.47713468753525        19.314976036269588     
       74800   223.75240571465841        6.6037473003770177     
       74900   257.05402302810211        22.974102246060678     
       75000   246.87627773717247        9.9331752210141140     
       75100   224.92577025445374        15.930565138836206     
       75200   250.10767014086673        27.103914218748287     
       75300   241.71988028785120        25.297598587640131     
       75400   250.56380193203040        16.775664939685214     
       75500   236.83578427293608        3.0748424155921636     
       75600   239.25334932352558        14.417443473148788     
       75700   260.90473354227572        2.7555210294423347     
       75800   249.20374606129909        15.096933253935658     
       75900   241.77581098010356        8.9216636063631860     
       76000   234.96224894847353        11.166146633944498     
       76100   240.08379882734832        13.361314559369903     
       76200   255.22084446988515        17.742624311477826     
       76300   268.86260204239096        5.6424375727068874     
       76400   226.39905106541147        3.5852468834189066     
       76500   273.75492889085717        17.670854822676439     
       76600   256.64695486879259        8.0553282379048028     
       76700   238.84697934881663        7.2344280168541921     
       76800   264.14489954654186        10.461433821110370     
       76900   257.64588141698891        1.2050243879612255     
       77000   246.57445036951373        3.3689710735683605     
       77100   259.65712004398313        13.359364396942773     
       77200   243.34387141487827        13.832876318183997     
       77300   256.56319068059315        3.2380229686676389     
       77400   260.76734666026027        11.900363696013164     
       77500   250.37724311006173        4.8985413211664532     
       77600   255.24736996583957        5.5947102992791233     
       77700   258.66387047170616        3.2805507775081622     
       77800   252.08195659925059        13.187380379753751     
       77900   247.26886653953829        2.4319056608749010     
       78000   234.10801588343864        17.638453712479141     
       78100   240.24349888729077        19.213944500406800     
       78200   258.04755005096683        11.148188044138243     
       78300   255.39014662755000        19.973046642724700     
       78400   250.48472522215309        14.135707959198362     
       78500   241.99942839221575        2.1017681317399934     
       78600   234.45551177282530        5.5544488227174691     
       78700   244.08189790976979        10.970183986543049     
       78800   221.14979559032858       0.51822054292120467     
       78900   253.38832847919187        11.468000140399425     
       79000   258.52118920042494       0.47456978699972013     
       79100   274.21528784322675        11.072828530174030     
       79200   238.91818273837154        8.0766356950617819     
       79300   255.65503906719303        11.539100233646153     
       79400   276.30058760560706        5.7899950993599871     
       79500   247.86480325423886        17.932284530146372     
       79600   243.81280114721849        1.5830345681891060     
       79700   266.78415223494380        16.634511599902606     
       79800   263.60280437040672        22.672462654123517     
       79900   244.70533200440590        12.864972688726093     
       80000   245.51203837298905        9.7349449694714476     
       80100   276.77965712658863        6.9039434733331344     
       80200   248.05905899570257        1.4547110010282496     
       80300   262.31092039220249        3.7555716631658527     
       80400   264.58264968478471        8.0321964784288387     
       80500   245.22056363447234        23.554757174889517     
       80600   264.75941036342186        9.0278615768991184     
       80700   239.02724907875097        23.818549174026785     
       80800   244.70398441001169       0.78200465839108524     
       80900   235.59057324110253        13.357096728224777     
       81000   255.62359005488750        13.291254735701129     
       81100   262.08363432104687        6.3176261762069998     
       81200   264.33532397536788        10.891975203999197     
       81300   261.99986095554056        5.5350399306108731     
       81400   275.20426911835051        2.3395797860878416     
       81500   226.37112159802970        9.3547930851835073     
       81600   265.53473863707842        15.611810370435899     
       81700   271.68098204921904        8.5670229671836289     
       81800   260.59595042995488        2.5861725326866121     
       81900   239.42364247469129        19.839367102490069     
       82000   263.55060630168362        8.2064786874025515     
       82100   268.64784500429209        1.4703526970505323     
       82200   268.11785027465032        14.094938136337760     
       82300   253.45485516439686        3.0629639308638388     
       82400   276.02348504453920        9.1943904814942758     
       82500   266.02882489786634        2.7395782113883795     
       82600   240.56352815596264        8.4447240896387399     
       82700   268.44743031484086        19.391390024817234     
       82800   250.69193442954946        3.2323966183825972     
       82900   259.12544347374956        9.9094196524911471     
       83000   246.07223178331776        5.7848960108426297     
       83100   269.09911019707806        8.5463601648213796     
       83200   266.00200187470887        15.536719491119765     
       83300   253.57133216218597        13.037230619201036     
       83400   266.26486171572179        7.0990695477583676     
       83500   252.56721796369285        5.2447535777827028     
       83600   267.22340532243442        4.0023053210031208     
       83700   266.75696857339773        12.675542004988314     
       83800   247.94445779079356        10.902001789629551     
       83900   267.46904422151096        5.1126722887935525     
       84000   261.41368290170891        1.2367502445151815     
       84100   247.54833848248694        13.733037261484810     
       84200   239.48010784215217        9.3295293309315017     
       84300   264.50736650567126        13.141341472723770     
       84400   290.42530386672138        23.175665675620166     
       84500   282.29853778240363        3.5851788970413820     
       84600   259.69545134872982        10.564351205551612     
       84700   285.09659131781211        15.554351339219894     
       84800   259.01909169109030        13.124748386976915     
       84900   272.06145644889131        20.680810404458949     
       85000   296.88139588840465        10.057041810061001     
       85100   262.10641490494015        10.856324935152418     
       85200   245.91825899996900        13.421329717499527     
       85300   284.78637814037387        11.112003137163459     
       85400   271.66230235039484        7.5359310809362112     
       85500   260.22710887802805        9.0774315620505899     
       85600   278.66145057691824        12.472639933776739     
       85700   248.09205639565351        15.524651106349735     
       85800   259.26921491008193        31.951917474541212     
       85900   265.30377320324357        7.7208052890419854     
       86000   277.48247468619184        6.8523305612345951     
       86100   253.63532331991311        21.077182563453608     
       86200   262.63122722660029        7.9845049324053656     
       86300   284.04228272196792        19.522786947726985     
       86400   265.83010703738864       0.63652731966540732     
       86500   235.83654632624129        4.0688316932019832     
       86600   245.55945381042059        4.7221358629489716     
       86700   276.79039361885737        4.2565207553252948     
       86800   264.92026961056314        9.9457282812911014     
       86900   271.58613698668569        17.650722239464798     
       87000   263.60521282376993        3.6211397790118496     
       87100   254.91721316320721        3.0328700545130487     
       87200   285.88231653125547        18.428507247414537     
       87300   249.73615380448874        22.641234622510751     
       87400   253.30855116135746        14.535421359100814     
       87500   245.58188811982848        9.3838683988638483     
       87600   239.43443773630065        1.5202558790127143     
       87700   254.44759874933564        10.757350300743838     
       87800   286.05413665639350        19.553342079532666     
       87900   281.00894762807172       0.77712455985413842     
       88000   262.29222612494527        8.8720594153744852     
       88100   276.19289223666635        5.9247117303042556     
       88200   266.90824339226828       0.34808340362940837     
       88300   238.70606420922550        16.118187443596828     
       88400   288.78136815055331        12.522346273913570     
       88500   254.14953153098404        8.7956872246646203     
       88600   266.71538417246768       0.87076323509381270     
       88700   271.37121652861828        10.702402306307716     
       88800   228.93651602682894        15.787316400906946     
       88900   276.62213012052638        11.021375239297573     
       89000   253.18933155158695        18.923622373030902     
       89100   249.69797103497123        9.0210840265942220     
       89200   268.82126216155757        6.3877367400088758     
       89300   291.53488445622361        12.733378823576592     
       89400   274.78292887944531        4.3276813936271656     
       89500   291.94810298581478        1.2190023529096208     
       89600   295.02924861071227        19.844212847209281     
       89700   264.83152554870543        8.8721865044568347     
       89800   259.22961546585634        6.9298048842506432     
       89900   255.87919712444511        6.9973530346110238     
       90000   290.73030005780549        15.149136381677220     
       90100   270.15280336235872        3.4917106657218255E-002
       90200   271.46930335245042        3.4801818368158424     
       90300   258.91269969707071        13.197603127377732     
       90400   279.31209614911302        11.893405888568452     
       90500   280.05207566887515        13.986648439787471     
       90600   246.52747682356716        8.8294864127570687     
       90700   263.92199662641571        3.6743652588080917     
       90800   285.88941082528180        5.7391814994016386     
       90900   272.79938831423010       0.13720908735220405     
       91000   296.15589716451518        4.3001883226853694     
       91100   284.40095932012423        35.960214626244976     
       91200   283.78653143420865        21.072491360377732     
       91300   283.24772525659233        11.156196580054427     
       91400   259.10261309998589        16.010855087349420     
       91500   260.63787906052863        22.069360754719373     
       91600   280.78151060857277       0.42241024633560187     
       91700   278.63120961817816        10.244621033739993     
       91800   271.80480507957486        13.396606622589479     
       91900   268.37934048137561        11.977920589193454     
       92000   267.35990665407905        27.870236085760311     
       92100   280.36687990508204        7.2477486236237070     
       92200   262.96991472257002        25.156816047157864     
       92300   262.51827587413902        13.944918958517693     
       92400   274.53140034306341        18.374593895193538     
       92500   267.83151236209602        2.5699317063742511     
       92600   278.29679209902247        24.048832719411998     
       92700   258.27464444042204        15.426502950026372     
       92800   280.23450780025820        8.9588238495034176     
       92900   287.83808136013579        16.936209361795846     
       93000   277.34582014635942        6.8836212894062845     
       93100   309.11713992329726        1.1644452101373020     
       93200   278.97600596644486        12.065986654913845     
       93300   299.18273482724396        20.545973871636409     
       93400   272.72114131764175        12.670744333008992     
       93500   289.48508423259489        1.1047775867594509     
       93600   284.40529711805931        7.6713217346104585     
       93700   263.18665904159695        18.664908656898714     
       93800   292.52429830654114        1.2241185303397857     
       93900   274.22827489092788        17.020904589936112     
       94000   266.06590328463261        17.506040894500494     
       94100   279.27055429424320        9.2885327024324678     
       94200   282.27902591676440        11.113581103519218     
       94300   254.53885064006658        1.8166263396960063     
       94400   258.71159770445769        14.963364392827062     
       94500   273.97178473998594        7.4395837176862125     
       94600   261.67518058742348        18.764875601066159     
       94700   262.74792998895356        30.126625422984780     
       94800   281.57393091144274        14.620776083930101     
       94900   268.16544430866014        12.521790148262903     
       95000   293.34410524733391        14.964998567384546     
       95100   269.58182028797819        21.153011919317819     
       95200   271.50753936388759        2.8225809675856963     
       95300   294.19957433324248        2.3814663511650966     
       95400   268.05355097633498        2.0172055103346964     
       95500   239.10737423784951        12.417261013229266     
       95600   291.13575975399306        20.812973587620451     
       95700   274.05860463354185        13.046827951632526     
       95800   298.94790796872275        7.4961301226265933     
       95900   251.87572005450915        4.2674784952696712     
       96000   275.33005269188931        11.689947194897707     
       96100   256.20821099287014        21.069649020427992     
       96200   275.54120598839353        3.3942364931570581     
       96300   281.92234083616302        7.3521044247875347     
       96400   263.18802894316315        9.7827816074408052     
       96500   263.40755519640288        7.2464444231950784     
       96600   282.09417955813473        18.666881605345637     
       96700   287.61300044346461        5.2747081247000525     
       96800   277.66394025207808        7.0024830255911894     
       96900   274.17412918363323        1.1172228049820150     
       97000   252.53791935393653        2.2177332447234992     
       97100   285.19014260927793        14.906520000139286     
       97200   284.10380876057627        14.041003082536701     
       97300   282.22322579691286        4.7527678331691448     
       97400   270.76838627355738        2.1710672805891931     
       97500   279.40226141469532        8.8352529669267312     
       97600   275.59623053452952        16.800945022260414     
       97700   270.98120813254059        24.182644865831410     
       97800   278.74346358971434       0.13484384000040564     
       97900   268.35004155172589        9.9323416430119700     
       98000   277.81158842742536        20.348873361692984     
       98100   303.26269971647804        1.5487986557292970     
       98200   286.22706669165996        27.010255119506287     
       98300   292.34726594937410        12.369970444906661     
       98400   297.86242577554054        4.7382885692922230     
       98500   261.81577041630959        16.149628078443396     
       98600   294.70705389408027        17.255960201726051     
       98700   276.63967703781060        7.3411747755747401     
       98800   295.11128596236932        18.175344547482297     
       98900   287.79608944342101        17.903948044884082     
       99000   266.47599540775110        9.3995917506417577     
       99100   282.13668978990592        14.868257782628000     
       99200   257.69798807460899        5.3187843059587294     
       99300   280.31068462859980        12.064854133846357     
       99400   262.34477650352034        1.0313032471146499     
       99500   285.34847022280667        10.706779263827425     
       99600   264.99271477721771        4.5287803463937735     
       99700   256.26434629776026        21.350155284776093     
       99800   257.31585660550149        3.6060758341983502E-002
       99900   292.95890878231000        23.495890878230998     
      100000   296.98243997658250        16.931881947332403     
