       10000   87.619122643688925       0.72612043101674295     
       20000   130.02987375350673        2.8532204367365983     
       30000   162.99457403126516        3.6658424725544432     
       40000   178.91595350664426       0.34153648805113740     
       50000   197.33797599248831        5.6253829464165142     
       60000   204.84073041771472        2.1828228457690179E-002
       70000   252.14974121962257        17.822661643267764     
       80000   254.91265513633499        3.5822156676893422     
       90000   270.07976966191114        5.0555145397985992     
      100000   279.47612668013346        2.7840271397705765     
      110000   308.42538328868170        2.6574941308847349     
      120000   312.09544760801413        13.069639085547989     
      130000   316.91447884252744        1.1594724521005613     
      140000   326.93227820327650        6.8859997901266565     
      150000   334.14035890425049        6.1692496448488070     
      160000   354.69903523958328        1.4190434993128711     
      170000   373.26499579857392        3.2404833606650736     
      180000   371.85614965793593        3.4180299680970703     
      190000   380.91442985936800       0.19066494303245160     
      200000   394.15329717806867        9.8357763100191189     
      210000   389.62266256097598        12.389378220533166     
      220000   412.24465987676200        6.2440130486688306     
      230000   418.96169265860863        7.4278668040786124     
      240000   462.90439542818649       0.65028834281549686     
      250000   436.42127140125575       0.63137896235901125     
      260000   458.66915460106486       0.44163305174152473     
      270000   463.86498328550658        16.968454987685032     
      280000   475.72493291430368        14.789080881242345     
      290000   483.21719768998355        10.097156190242904     
      300000   492.31799751181137        1.2444558212627528     
      310000   489.13830540605983        1.5899373295210908     
      320000   501.35013677117638        7.7382506099590440     
      330000   488.76371976427049        17.544004634087369     
      340000   514.47658547992717        14.464088613984437     
      350000   512.06346943751407        3.8607417644735800     
      360000   514.39352426321955        3.7259795253157910     
      370000   556.43521800565782        2.3887810016134062E-002
      380000   530.53650467234274        1.3614521629358760     
      390000   540.65189633001114        13.976888416341607     
      400000   553.89513516799934        4.6318273255417246     
      410000   579.67222618352093        19.790250307823278     
      420000   552.21089415985841        21.272714983655806     
      430000   579.70570118102171        20.999782953288992     
      440000   580.02407602306096        5.7839697229661100     
      450000   602.62634554802071        14.531895989074487     
      460000   612.72833681388829        42.751216536654390     
      470000   604.81684309945820        2.9029955177960045     
      480000   605.83228863886006        23.272648972306730     
      490000   656.46820755558247        19.128919698276018     
      500000   596.02830868430476        19.386263282564819     
      510000   617.77779140712232        14.662524324829864     
      520000   623.36591946565738        12.139283559429598     
      530000   671.73448752766512        16.797013033942235     
      540000   653.48623048075956        29.877322347074877     
      550000   642.46513448427436        15.155464078825922     
      560000   634.21180187837490        38.574440178575877     
      570000   659.77047061341159        6.2960069311809370     
      580000   691.52875355384401        10.848456762049958     
      590000   675.05761103954296        38.458156948469295     
      600000   673.96313952558671        1.6258499217845357     
      610000   710.48064975595503        12.498287702309995     
      620000   701.01808120141038        7.7937416483070310     
      630000   691.09290435086189        24.214230527146405     
      640000   729.52958801136674        13.258676064631183     
      650000   725.72180244258618        7.7580593405619709     
      660000   738.86530789742824        5.8673488246704784     
      670000   696.95602277673800        14.156354867533405     
      680000   744.56260804147144        3.7365033714180804E-002
      690000   767.27221865090667        6.2330009262542578     
      700000   755.67285785040519        13.985989825620178     
      710000   755.15815727044208        2.6288499779988803     
      720000   742.63293363941284        14.038969367664039     
      730000   750.26896215845306        7.6633589486188161     
      740000   763.60729003180904        26.868896861706247     
      750000   771.17149778006637        21.347213793042936     
      760000   785.88046612646622        11.832820261722151     
      770000   788.13612730773548        16.915670807239529     
      780000   815.16938838193857        28.316441599344607     
      790000   792.20313289332671        11.262283152936659     
      800000   770.49331887145354        18.503575059915175     
      810000   804.67689513858079        3.8912607172900553     
      820000   782.20298212391867        1.5604686638160183     
      830000   815.46453311061930        9.1587576496917080     
      840000   809.14796680358882       0.77307773209054353     
      850000   804.19016321967274        16.983961109957683     
      860000   826.68186986001126        27.590610812958470     
      870000   795.61384874141515        8.2436324674140771     
      880000   847.42107509202060        9.4577100720759422     
      890000   833.30066563359981        24.481816789325876     
      900000   863.88122554407721        10.793175166813311     
      910000   850.24971957597006        39.345257169213887     
      920000   867.14739324726838        11.520883444335642     
      930000   847.18606771071131        24.913101271536359     
      940000   898.14814420336063        9.1220507215374411     
      950000   873.26100617908878        19.835764628020048     
      960000   848.36148951671203        30.087056640573991     
      970000   855.98429574891588        4.2236653668479347     
      980000   855.03253606739747        26.209032274956083     
      990000   874.20653695855765        22.015072553483265     
     1000000   883.16074154900912        2.6676275072644176     
     1010000   881.32641316010324        2.9844571567479972     
     1020000   885.20327390502689        25.981401177516869     
     1030000   886.38864537088273        3.5467385357770822     
     1040000   898.23147584464482        25.135946559103857     
     1050000   898.08125001057226        25.651626175256254     
     1060000   924.67020507662562        19.187891027992119     
     1070000   906.40524433461746        12.248337901238893     
     1080000   940.23152238631633        24.655789850417506     
     1090000   921.24994272434935        2.8941456055377186     
     1100000   917.71775437318354       0.72821318755902531     
     1110000   920.49205312081142        18.702632697398247     
     1120000   904.44704185608305        7.0800927217533669     
     1130000   968.78772942366845        2.4597334204240293     
     1140000   910.13970675168093       0.19293315402143990     
     1150000   956.56861523823875        23.535172726126397     
     1160000   952.94483934781874        17.112087302073085     
     1170000   955.42407905670200        9.3123583792378568     
     1180000   999.06867698940960        20.943660984959021     
     1190000   992.85255665788611        10.778715147578513     
     1200000   938.52728744166200        8.5931210147954005     
     1210000   939.59112532982044        22.378965206133881     
     1220000   983.21331562585488        10.214417087182252     
     1230000   1027.9531900889276       0.97914813504220843     
     1240000   1009.7003227609941        8.3750678550662112     
     1250000   1007.2043934425569        2.0140715516692365     
     1260000   998.47580764175223        30.458454632657752     
     1270000   1015.4228275891484        9.5187503524376140     
     1280000   999.11025339491812        16.203296452648448     
     1290000   1018.1755126677018        13.214230315747786     
     1300000   987.06830829295552        17.955329675821002     
     1310000   1021.5299968823759        21.840955397491932     
     1320000   1064.8762106195065        8.0256918014512966     
     1330000   982.60369411173474        19.993341784305365     
     1340000   1018.5174995603804        14.484072452625297     
     1350000   1019.7550024444023        27.349402110934996     
     1360000   1007.8173103042113        37.894285440965561     
     1370000   1061.5518990403123       0.84220953825246514     
     1380000   1050.7937487324339        42.266404130712523     
     1390000   1044.1908621625744        35.926574541639802     
     1400000   1044.8238970031557        42.484247391008047     
     1410000   1090.9606007392897        16.732978241939815     
     1420000   1014.2356755617598        15.606158036014000     
     1430000   1043.1281248851319        12.953516121190507     
     1440000   1067.0964017397571        24.433206267414711     
     1450000   1027.5965729818602        1.9441536433344864     
     1460000   1046.8248000810690        26.199309967970901     
     1470000   1071.1791165628172        51.090059905636842     
     1480000   1099.4015521703061        11.993354533917628     
     1490000   1134.1387056300387        47.087136852074792     
     1500000   1094.2051795002888        2.8536862509961058     
     1510000   1122.0202370054851        39.056220270774368     
     1520000   1121.1407308954463        14.094021308702670     
     1530000   1096.2622903017461        17.724570060468849     
     1540000   1089.2872936112722        19.732414300508427     
     1550000   1096.0141354997997        6.9521943093707401     
     1560000   1092.9977784753657        35.582426226192609     
     1570000   1101.6557239306885        43.003212032827165     
     1580000   1104.4689780467716        19.213029562436422     
     1590000   1067.1775803964570        37.410728932928059     
     1600000   1137.5184004477301        46.350377157359802     
     1610000   1181.5109138203636        15.999827607299967     
     1620000   1111.8645774315019        34.954396827682629     
     1630000   1145.4678121614847        16.349435313827001     
     1640000   1160.7716818380065        32.675799702491496     
     1650000   1116.1065355902622        7.1750604667516980     
     1660000   1134.9534912496306        10.329889847890275     
     1670000   1156.1590175459776        20.437966044757442     
     1680000   1177.2563255402367        33.138302095277950     
     1690000   1137.0235743999774        14.334101342590978     
     1700000   1153.8245468097489        9.5533908551496083     
     1710000   1139.8311939436283        11.969160032917685     
     1720000   1204.1853684388975        39.717178082382674     
     1730000   1189.7773802219206        13.347403313946975     
     1740000   1180.2143507135208        46.062159511427872     
     1750000   1176.1797521780236        65.297581320703770     
     1760000   1192.6193711528722       0.33752479876601998     
     1770000   1187.4275715548733        4.4570188745365416     
     1780000   1194.7874023320867        28.539624603708969     
     1790000   1131.1599176911327        39.279113261585323     
     1800000   1198.9645288811305       0.27827017589242864     
     1810000   1224.8188645497169        58.405670368679814     
     1820000   1224.4768986464471        27.352942882229563     
     1830000   1224.7887272056698        21.953187198462409     
     1840000   1190.6498142470793        24.286124881551082     
     1850000   1223.4891830843526        35.787074330760987     
     1860000   1174.5780133260807        22.635582627022000     
     1870000   1213.6136035174763        25.801963188429440     
     1880000   1195.9792014404554        4.3629870443135887     
     1890000   1220.9954441355517        15.410188912799482     
     1900000   1193.3795863460036       0.42925155468912590     
     1910000   1244.8102929476047        25.372612131632007     
     1920000   1256.7599489251725        57.738164774737257     
     1930000   1305.6492972179847        2.1665367368762287     
     1940000   1300.8933701628978        43.043700514621769     
     1950000   1252.4899504556513        16.063711226187785     
     1960000   1204.3875719725006        45.999788845184788     
     1970000   1206.6149012025260        21.254284197897384     
     1980000   1154.5556412569358        19.015020868032899     
     1990000   1216.0880845869410        8.4484169040903190     
     2000000   1281.3158113156276        28.218443932566196     
     2010000   1216.0913776646059        36.434103794551355     
     2020000   1313.3949374136630        9.0464060338810999     
     2030000   1247.4564413351070        11.040459097588210     
     2040000   1255.1072237168796        15.082519280036902     
     2050000   1215.2493238250870        13.849256308447401     
     2060000   1274.7087698612536        1.9375890148847568     
     2070000   1292.2832434820441        33.360175110974673     
     2080000   1250.0170574442088        8.9824820549601565     
     2090000   1306.9905848640419        24.234317782132578     
     2100000   1259.6794991580352        10.215343032286430     
     2110000   1260.9394646257203        15.554864674475914     
     2120000   1281.5029771863126        61.441118265276941     
     2130000   1278.5002138356651        38.231572600992848     
     2140000   1279.6503475460640        14.921202608365382     
     2150000   1292.4901470358061        25.830086863242641     
     2160000   1332.9862842069642        31.406505728879765     
     2170000   1345.4538444905656        46.250036640211050     
     2180000   1288.8548007919917        28.299263971094263     
     2190000   1334.1915604639248        14.249947334898886     
     2200000   1305.2691560770293        23.834158206563757     
     2210000   1316.1220227246902        27.253070500711953     
     2220000   1293.4984109425448        61.002965141493739     
     2230000   1273.4742048108533        30.083138992303351     
     2240000   1354.3647406948887        14.943721359204670     
     2250000   1320.3797172892675        1.2920204615882589     
     2260000   1300.8391744560697        22.656456366418627     
     2270000   1302.6965086366815        23.580181371158389     
     2280000   1332.2577809233228        15.875912750216445     
     2290000   1350.5587326493346        19.710552555419390     
     2300000   1388.3454682378074        10.063741314472994     
     2310000   1362.9171797195422        37.526992160308168     
     2320000   1331.5677271195489        9.0969671225139290     
     2330000   1325.1796329951087        34.097110773761024     
     2340000   1382.6353857279973        8.5723757840209700     
     2350000   1424.5255535909121        53.484782276202090     
     2360000   1412.8326633735267        4.5888223174628369     
     2370000   1404.6570033231385        37.369791766796808     
     2380000   1344.8275048619837        28.065648509913046     
     2390000   1384.7170308367197        24.660268226680728     
     2400000   1393.4194878789999        15.681677780438491     
     2410000   1308.5089310963742        48.749926176871696     
     2420000   1362.8821190114306        1.0102072141439271     
     2430000   1353.4565797133600        7.2547949244330283     
     2440000   1394.1169422669193        29.924467051237539     
     2450000   1366.4188054387043        58.328068730466256     
     2460000   1433.8136143188783        36.962933656415792     
     2470000   1431.4196694917741        1.1298367200235306     
     2480000   1410.0534989572100        15.674617404510922     
     2490000   1426.9501963079058        34.028578632198524     
     2500000   1366.0935832299106        23.368186239569351     
     2510000   1338.4900000955754        37.728570638551247     
     2520000   1408.8905264202165        35.991510297439717     
     2530000   1411.6854824621184        21.434733662196045     
     2540000   1413.7379533120954        17.689621542350878     
     2550000   1452.8499888755603        11.235995264961321     
     2560000   1416.5465228675978        2.7337169084865272     
     2570000   1437.3901243005905        18.177810821578159     
     2580000   1459.5860882176307        67.677903766508507     
     2590000   1380.2791016797396        26.070364123948206     
     2600000   1448.2249930518487        8.4721422983012538     
     2610000   1475.2618590123877        25.687851849598157     
     2620000   1468.8301751566826        36.788255391963794     
     2630000   1472.5758056582790        42.827174842051541     
     2640000   1431.5199398429429        20.975261637584342     
     2650000   1429.5484267309171        11.994957190679765     
     2660000   1451.7044233536044        36.142688879538468     
     2670000   1461.3743450374889        2.2097981670809412     
     2680000   1437.3096563534989        44.596918004052995     
     2690000   1403.6945103146634       0.95320275602687865     
     2700000   1450.3212145291229        5.0402729740721748     
     2710000   1416.3838854578885        8.1121279180073103     
     2720000   1459.9411693447776        5.9894241186430976     
     2730000   1505.5077773038863        16.484869289058075     
     2740000   1484.6098354573780        7.3842116952023380     
     2750000   1507.2404111195690        6.7363752170413260     
     2760000   1512.2688904062727        43.170712607518588     
     2770000   1517.8799248783844        64.080075254738333     
     2780000   1477.5153078163571        5.4638449500174566     
     2790000   1511.3694244316439        16.393050564658758     
     2800000   1541.8207541434097        16.677791218568512     
     2810000   1417.7259220939493        116.39469964194232     
     2820000   1480.4336892791971        11.388251393805128     
     2830000   1511.6114841499339        5.2291399777863505     
     2840000   1492.1935925420491        50.045206134270380     
     2850000   1484.1467422499331        5.5953997155343167     
     2860000   1516.8685393401504        14.458600227556067     
     2870000   1527.9558594364080        30.183030084436844     
     2880000   1512.7384206427016        50.611531022262604     
     2890000   1589.5285934436404        14.940395313546452     
     2900000   1544.4336337360735        56.179951533164875     
     2910000   1486.8429186728135        9.5720453834573398     
     2920000   1509.6408655310065        21.739618776964324     
     2930000   1493.3904686931473        24.825231906980953     
     2940000   1488.6583878186239        55.815450382875689     
     2950000   1523.7882772641572        12.994999479827158     
     2960000   1573.2209126836217        76.848449000375183     
     2970000   1555.9641093225432        25.894053321122609     
     2980000   1509.5890240321205        29.087703423410570     
     2990000   1519.9419938865890        42.538699905798936     
     3000000   1500.7651985343209        39.414635542673174     
     3010000   1540.3185951791800        22.640704213215969     
     3020000   1545.5251675571492        28.204323166163412     
     3030000   1547.6734445536320        71.904853815053855     
     3040000   1588.1378085839856        9.1284801999868925     
     3050000   1553.0024783416454        103.93153860717463     
     3060000   1557.3116411749054        15.150873048846995     
     3070000   1576.3860135396887        36.939997028593950     
     3080000   1556.4165623299848        7.6967334744321594     
     3090000   1519.5477481210505        50.573316298058629     
     3100000   1515.1447463743843        30.729939243049465     
     3110000   1550.7228799692905        24.604894334053633     
     3120000   1560.9951260733801        25.446776602809432     
     3130000   1581.4851344223509        7.6759009798256779     
     3140000   1584.6487651728755        28.488171022986659     
     3150000   1607.9185902617655        5.7967008715085280     
     3160000   1528.3059584933214        31.385564576188980     
     3170000   1568.7389247967217        24.098564828647305     
     3180000   1612.5769765913515        65.477929073918517     
     3190000   1596.5281211082222        27.525386150325218     
     3200000   1622.3556695889165        21.230973907297457     
     3210000   1582.9245394043664        43.591419834467317     
     3220000   1542.4991432315942        8.9393410935441562     
     3230000   1574.2628985276926        55.321506224973163     
     3240000   1634.0445010691637        43.688802991179536     
     3250000   1606.6612699858338        16.859343453386114     
     3260000   1619.8846372520666        30.637367178656930     
     3270000   1611.8680938461894        15.263915333719430     
     3280000   1548.0879798108970        29.965462773598720     
     3290000   1653.5363384843204        13.751748697589052     
     3300000   1620.8856265660418        21.767952707225707     
     3310000   1622.3376645602866        12.753146008301046     
     3320000   1569.3444702500974        4.0010152660182738     
     3330000   1672.9843714525941        19.424850805685001     
     3340000   1581.9393669479439        25.615442724580532     
     3350000   1601.1006458551253        8.1352008987502824     
     3360000   1632.3366437624722        80.080710345257231     
     3370000   1707.6002618732759        22.430899941848519     
     3380000   1613.1073719192520        13.076099037932778     
     3390000   1631.6405241638995        35.793491555331507     
     3400000   1651.2087407816500        41.671143275747298     
     3410000   1630.7469514313696        31.875402413599065     
     3420000   1603.9785106692480        36.307078392959184     
     3430000   1628.9046114860280        29.429522324803852     
     3440000   1594.4993960578317        8.8545037924312364     
     3450000   1580.1709444999758        62.901570401590639     
     3460000   1694.2546880024479        47.019437493709113     
     3470000   1664.3177897282121        110.64934198115755     
     3480000   1655.5865893561011        32.739526231773695     
     3490000   1707.0265566270077        36.028272898129018     
     3500000   1686.3740381617849        19.469071104301587     
     3510000   1694.0848556111584        14.869578107111408     
     3520000   1687.3666421038206        61.866919678062118     
     3530000   1689.4426775779871        21.809803488308564     
     3540000   1674.9012098046471        6.3879048679817441     
     3550000   1630.3152421091704        54.792505588623506     
     3560000   1650.9636616919993        33.256991728197924     
     3570000   1635.0625878100209        43.197984208381477     
     3580000   1625.8734075166478        19.008325176567713     
     3590000   1691.7683236490204        38.746934578119593     
     3600000   1626.3827147540851        18.928767600957560     
     3610000   1697.1161853255621        12.435070865231877     
     3620000   1711.0128157803144        7.6024061897655297     
     3630000   1634.6034732951473        22.251910890323572     
     3640000   1717.2064049350977        40.906586619918713     
     3650000   1705.5695031637745        12.114046769166483     
     3660000   1733.8406336201583        55.212596816753525     
     3670000   1785.3807814112538        8.9371891318213557     
     3680000   1655.5390538910215        89.138928339910862     
     3690000   1704.3075349764708        17.297816325692001     
     3700000   1725.2537932706023        57.737833180577503     
     3710000   1691.3706958120333        54.877930884905616     
     3720000   1771.7044087380914        55.335688625221565     
     3730000   1748.4637612516062        59.075831460223206     
     3740000   1658.1932496913219        59.707296675409630     
     3750000   1728.6320513997102        2.2047582542508115     
     3760000   1658.6241166375214        47.995551149566083     
     3770000   1766.0958907047150        13.722451436913852     
     3780000   1724.2671090947181        7.2025427471975334     
     3790000   1756.6374062095365        8.8362559480339851     
     3800000   1744.2546909387843        11.190772132193541     
     3810000   1723.5244879347385        49.927152083437321     
     3820000   1689.2081439185270        5.3421178248823038     
     3830000   1725.3208807095500        56.220691720043348     
     3840000   1721.6243840829131        44.291945813330145     
     3850000   1737.0819451217653        33.889972459762916     
     3860000   1779.3216714566497        68.837576922315009     
     3870000   1702.5098670792011        36.972652364399643     
     3880000   1768.1420938556528        92.149002140166587     
     3890000   1758.6257699861796        15.802483176967552     
     3900000   1769.7453355083335        4.3838765460972624     
     3910000   1744.0926140136369        1.2711959156275325     
     3920000   1746.8363719515476        26.175926582399150     
     3930000   1734.5708212566997        151.15335684658507     
     3940000   1741.8841662682528        8.6343719691228582     
     3950000   1773.8787250784774        53.410396192847152     
     3960000   1765.6748740829496        50.793869386869851     
     3970000   1738.4321961854557        2.2820802468653953     
     3980000   1744.4051272205329        61.377428994944346     
     3990000   1801.8946623546742        13.218588961490495     
     4000000   1763.7801621467731        1.9746286980289318     
     4010000   1782.9892973563426        38.780917568345842     
     4020000   1793.6453284609893        9.9163202584377803     
     4030000   1838.1958524965064        71.693007416058350     
     4040000   1822.7670919798179        36.598981891913610     
     4050000   1838.8173847546589        15.459987168008915     
     4060000   1693.3294064171985        31.810595201982562     
     4070000   1818.7083676737641        24.200968311518015     
     4080000   1788.0178268029126        34.538241577061925     
     4090000   1824.9223976174308        1.3768200076320898     
     4100000   1783.5187950778427        56.335929059964684     
     4110000   1836.3968744785320        5.2007381711183740     
     4120000   1825.2061019477467        16.549695727875271     
     4130000   1811.8150441803589        11.412982832044076     
     4140000   1842.5327964625001        69.446311732361465     
     4150000   1760.9237180596565        2.6833012220706145     
     4160000   1817.8157510727392        40.045803925123536     
     4170000   1849.2303982716221        10.409212905953826     
     4180000   1721.7019420203162        59.068735539192538     
     4190000   1827.4044378790381        142.36570326751078     
     4200000   1890.5850526004481        14.031965381323394     
     4210000   1852.4745269264254        2.0427467384923919     
     4220000   1803.7740446723290        24.170399234376102     
     4230000   1880.4170908007804        8.6843698770126085     
     4240000   1842.8857314515283        74.449804106058238     
     4250000   1817.9098474300367        153.95828008576609     
     4260000   1739.5100367193888        13.825630723285164     
     4270000   1953.5108617886526        89.879628788206716     
     4280000   1824.9497662901438        47.759427023984472     
     4290000   1809.8276701900359        7.1254076030965763     
     4300000   1822.9616891444969        38.720418885250524     
     4310000   1884.5491413911523        48.385512476909426     
     4320000   1836.7536402278238        55.315267730020580     
     4330000   1851.0513324250580        17.081456079423123     
     4340000   1926.4144143411272        6.5703160139962016     
     4350000   1834.2710466188903        29.030981780564222     
     4360000   1866.1512452474358        34.692202492309228     
     4370000   1819.7883341089009        26.577386827594559     
     4380000   1904.8523795864464        10.967890105920878     
     4390000   1876.4671319636009        13.081653140518586     
     4400000   1919.5715540473152        5.6124249888188187     
     4410000   1922.2725613551479        60.472721525457615     
     4420000   1932.8925405012951        31.714467083201708     
     4430000   1860.8085103599708        44.912899824957044     
     4440000   1901.7802166947245        60.697291485056020     
     4450000   1864.5727365178454        14.193742615843851     
     4460000   1846.1211738169557        19.948833663296874     
     4470000   2001.6378525742996        54.730681848934999     
     4480000   1887.8426189740187        15.003991978116495     
     4490000   1913.3084491853392        34.388502862540633     
     4500000   1878.1922076510577        71.257723154145239     
     4510000   1854.7284911165250        27.676892518130451     
     4520000   1808.0984875126198        2.4399620188582416     
     4530000   1849.0119089993000        19.119948136037166     
     4540000   2015.5329244709433        30.511606357663620     
     4550000   1909.9740446507917        66.563413445773975     
     4560000   1964.5059522321956        11.131248331303897     
     4570000   1893.6110361661731        4.7103390536173020     
     4580000   1834.8415571988262        30.055798880331608     
     4590000   1867.8337450694482        69.770577363039436     
     4600000   1856.6589818822122        36.192160175962066     
     4610000   1962.0345357796853        24.037238564326259     
     4620000   1825.7901547203953        31.248580610019836     
     4630000   1913.2173173091267        33.318310361127075     
     4640000   1943.8050056087955        40.961366637689679     
     4650000   1859.4991001055776        14.196149257678158     
     4660000   1929.4100269456094        41.858775710646668     
     4670000   1924.1685827087476        12.783882552111852     
     4680000   1961.7964025313584        66.647208516568924     
     4690000   1852.9437684811212        15.084013453286893     
     4700000   1922.7735455429727        41.361257215733552     
     4710000   1887.2180236175252        51.701004777290755     
     4720000   1880.0389520157266        4.1336923974761222     
     4730000   1929.6925565121692        15.895850054918995     
     4740000   1987.6332431699580        2.7631957668819167     
     4750000   1832.9930633376434        48.851019261804012     
     4760000   1979.9426198400204        9.3319529726051336     
     4770000   1900.6787860713305        12.403660099777168     
     4780000   1982.8048904884531        3.6662067636051270     
     4790000   1941.7762063293849        52.978157188806392     
     4800000   1961.7922948747225        45.656328530836845     
     4810000   1978.9379806301868        52.030139137030645     
     4820000   1924.9423024086059        27.455532661068730     
     4830000   1915.7012377263568        38.785238849403918     
     4840000   1981.4455833350589        34.163164806010279     
     4850000   1928.4792982563663        107.35257108137722     
     4860000   1857.7779982970187        81.525418418103442     
     4870000   1901.1521619122959        13.162106608942123     
     4880000   2007.5506572593260        32.437182430945121     
     4890000   1938.6415720559066        24.132518209614695     
     4900000   1935.5725859344604        69.241116985491971     
     4910000   1942.5294953588450        22.193258827174549     
     4920000   1923.4598203474875        58.745941257010450     
     4930000   1939.8493553183262        33.493064506171855     
     4940000   1988.4533324712165        18.918236915329267     
     4950000   2015.1287591450064        46.442263432327103     
     4960000   2063.9806705888554        48.718033339036701     
     4970000   2025.3583259272511        57.872661292690161     
     4980000   1943.6954175698111        42.178573300683247     
     4990000   1960.1519499977171        29.239294173884375     
     5000000   2102.8473210491302        41.656077104328155     
     5010000   2057.3230986909325        34.638350712167217     
     5020000   1945.6256405882016        11.240429093029979     
     5030000   2000.9483235221521        62.930280519112856     
     5040000   1929.9145694405111        19.752862644717919     
     5050000   2017.5276116144669        48.277799431335850     
     5060000   2046.3129413579195        68.423032808047566     
     5070000   2025.3181105786116        74.442704474543191     
     5080000   2022.8819946795784        26.919656065372127     
     5090000   2016.3186204120259        45.451514429656662     
     5100000   1979.6719406914199        51.979168117525901     
     5110000   2068.7356148733156        22.373835147770368     
     5120000   1966.5423753040961        115.40131260047698     
     5130000   2042.2595485087759        22.382264608442352     
     5140000   1958.6332619154718        48.061033540898826     
     5150000   2035.8536561858837        28.352826321249598     
     5160000   2082.2736033938136        55.995027432476668     
     5170000   1973.7398334825548        76.464261655613157     
     5180000   2050.1749460452165        70.659390448983459     
     5190000   2038.3689046998466        24.095374958982742     
     5200000   1977.2644946350779        48.647268628854299     
     5210000   2006.5721158653055        16.515915148129043     
     5220000   2084.5151831761959        46.077554765811392     
     5230000   2112.9607558528605        45.553002423913796     
     5240000   2034.4586746381472        24.887585522963310     
     5250000   2045.0478949921553        14.712127257501010     
     5260000   2101.8803107360800        89.218568553279383     
     5270000   2000.3150875500976        51.247649038474137     
     5280000   2074.5638415156623        26.781155584936748     
     5290000   2077.8131657769727        48.793138391583184     
     5300000   1925.7862674424398        35.038752922130264     
     5310000   2067.4344770224566        152.74331385396241     
     5320000   2020.6713033843605        21.447359417684172     
     5330000   2004.2365154032323        39.659189122517894     
     5340000   2042.4874253212340        52.172009069052585     
     5350000   2020.4153978473933        49.239838439372591     
     5360000   2031.0981225803860        74.826221063073120     
     5370000   2048.7911585451347        38.168771481728200     
     5380000   2120.4267895933972        14.904755324927754     
     5390000   2115.3125147228670        40.252434491461479     
     5400000   2048.8642884267028        79.503310948943692     
     5410000   2054.7556347988339        20.117096847126270     
     5420000   2020.6969870936844        65.975727197094997     
     5430000   2106.0115620650026        6.2685769429944402     
     5440000   2063.6328275233209        49.660032043666916     
     5450000   2044.3979090751077        31.932741519194330     
     5460000   2087.9955109240741        35.762684995093224     
     5470000   1989.5471570622678        30.858898307600040     
     5480000   2160.7833679613518        27.484741772537959     
     5490000   2095.5944588434631        27.973479895217253     
     5500000   1938.6271037957813        2.5103209229034205     
     5510000   2080.1410566629047        13.802244946958810     
     5520000   2123.3993297950688        69.296231352354127     
     5530000   2147.2280748974940        35.713164196091817     
     5540000   2047.6327237342980        50.561457451936143     
     5550000   2061.7687013271516        126.35378968843737     
     5560000   2036.1912018895737        46.805726008815569     
     5570000   2187.1349241993703        60.980953608067040     
     5580000   2177.0451335438966        24.148840732686601     
     5590000   2101.2066346183842        106.08974403079294     
     5600000   2090.1583209365735        24.774212327482516     
     5610000   2128.3935553782444        4.7640142171175484     
     5620000   2141.9221314968199        89.527082446022177     
     5630000   2096.3914080224877        54.027133743090261     
     5640000   2146.8372466268752        33.229538474156264     
     5650000   2128.0396476354931        6.2271303083221357     
     5660000   2155.4027242565594        74.781802134901866     
     5670000   2157.0771947984613        55.935708829174175     
     5680000   2118.2074295474704        32.295375180434974     
     5690000   2168.8968297706551        24.013332073503946     
     5700000   2123.0652930446636        41.733360389365600     
     5710000   2064.7758310703771        84.091188548405341     
     5720000   2118.0980952226405        61.617550414713065     
     5730000   2060.2296580773668        25.039773621315344     
     5740000   1987.1099646777509        55.496797020183820     
     5750000   2178.2182795995659        13.540002857331373     
     5760000   2160.6405341909117        49.894615566883949     
     5770000   2077.0249672135565        6.5184739110001351     
     5780000   2059.4567787566607        58.597975944950853     
     5790000   2133.9828746105404        28.105929100702443     
     5800000   2130.9891534462176        20.524463748826161     
     5810000   2145.9439853859940        21.150684651837672     
     5820000   2217.9509504737302        6.5495530778407831     
     5830000   2105.9200480941054        42.469879362674838     
     5840000   2155.9211503651213        55.000268874860510     
     5850000   2090.3389546799908        26.067323405669285     
     5860000   2116.8047119922967        50.750216906028363     
     5870000   2209.6064998053553        6.1326190771614773     
     5880000   2056.5072754182265        83.395166714160382     
     5890000   2102.0565178795323        68.712319998316445     
     5900000   2178.3204368062420        9.4428869636315280     
     5910000   2210.8134466416341        92.784784737677512     
     5920000   2240.0292397513463        50.693014160447426     
     5930000   2114.5697456489775        47.738534401226026     
     5940000   2168.9144222878986        120.59897030544001     
     5950000   2136.9211739298717        5.2243575566902276     
     5960000   2099.4693688790453        49.452002287363896     
     5970000   2144.4200769535446        33.312404622444753     
     5980000   2093.0747751234326        29.836912976057658     
     5990000   2142.8855436552194        61.454564111288995     
     6000000   2183.7694996633945        53.910483830839141     
     6010000   2178.6523144217472        5.7151737618791500     
     6020000   2142.4781434428478        12.345523166800534     
     6030000   2167.7832864937882        37.921305786064352     
     6040000   2205.4726534771503        62.675039336349428     
     6050000   2217.4522184550069        70.238737911680147     
     6060000   2090.0456999347612        16.427612287288326     
     6070000   2200.4584400923727        92.683113706987257     
     6080000   2225.3331758224008        13.990814505518678     
     6090000   2175.4934067788527        13.591512689319105     
     6100000   2094.2165470060836        26.675945791416041     
     6110000   2280.1431737655780        95.970232043964259     
     6120000   2216.8662824348958        34.771436433944444     
     6130000   2242.4114931245131        72.484419840323255     
     6140000   2222.4276156425694        49.263303415302751     
     6150000   2276.1313955388396        5.9797705964368255     
     6160000   2206.7998063810128        1.5458317500907974     
     6170000   2224.0364768934760       0.23941911753263259     
     6180000   2216.7493576216593        85.604345764696305     
     6190000   2212.6367352827660        12.059522616703482     
     6200000   2266.6631264595599        35.290726436926491     
     6210000   2166.0940467569139        15.855289428461019     
     6220000   2162.0285607701835        28.799976827237305     
     6230000   2172.8849842567629        7.4888989422039778     
     6240000   2155.4475773493095        45.370120574337179     
     6250000   2189.2262930983684        28.808229803014154     
     6260000   2206.7169318450465        10.630942838925593     
     6270000   2267.8809547603337        59.802117201895321     
     6280000   2188.0725293329506        20.787269194717009     
     6290000   2198.2310404423351        18.767878219124924     
     6300000   2263.0047391647850        74.733230054463689     
     6310000   2125.3645697367738        11.347442187123869     
     6320000   2207.5695664195350        30.254087614746101     
     6330000   2181.0051368414770        40.946188107228465     
     6340000   2240.3041404462156        79.567477796062789     
     6350000   2190.9125368028272        30.590046982308188     
     6360000   2244.6432674746738        72.659068965712493     
     6370000   2258.2537108845945        56.573621478007979     
     6380000   2320.2547622464044        100.97029619848838     
     6390000   2185.4230563644724        10.912542007243164     
     6400000   2339.5534201457308        25.384805064248493     
     6410000   2210.7663061041844        51.096534395857269     
     6420000   2180.5951798938281        11.487001047171180     
     6430000   2260.7016208983509        1.1120281218906862     
     6440000   2204.7771820988937        59.447957573052555     
     6450000   2201.2042975935565        44.157019311079999     
     6460000   2218.4229562588266        37.014863145136992     
     6470000   2326.6466311043664        17.687032532216389     
     6480000   2250.2553300598915        5.0188800368796160     
     6490000   2267.3664721330879        77.899498466875059     
     6500000   2289.2068846837806        2.8563453924814151     
     6510000   2168.5476043385493        6.9652428351962437     
     6520000   2321.4666830146534        83.702983558500264     
     6530000   2390.5828270509796        34.034631296850520     
     6540000   2250.8930472749025        59.800581146254139     
     6550000   2222.1115925616364        28.945199003290469     
     6560000   2235.7972443490376        6.5770365452655426     
     6570000   2159.6921861686360        70.547397064488365     
     6580000   2369.0228074540760        33.815233803454738     
     6590000   2258.3137081224663        55.557165714190091     
     6600000   2261.3182881790617        55.055808553591206     
     6610000   2314.3406128594638        27.732235428318976     
     6620000   2312.5204239790492        101.34734308146319     
     6630000   2355.9455001073261        52.941471141014176     
     6640000   2329.1309913196737        42.370189846885253     
     6650000   2215.6697637131915        45.245322842710202     
     6660000   2275.3510725439792        23.070454069635499     
     6670000   2203.7049672109933        7.9121476927769532     
     6680000   2269.1712655869246        45.083544702541772     
     6690000   2375.0841227574929        50.326920340829595     
     6700000   2337.8787777686130        4.1682380654246005     
     6710000   2206.5437863551451        33.262243112294328     
     6720000   2390.7645867414208        18.642977444812107     
     6730000   2239.8481791382992        124.06910335103004     
     6740000   2283.6009513829499        25.750450906029677     
     6750000   2275.8474381829747        86.551144102151483     
     6760000   2348.5951366104960        85.913038268413018     
     6770000   2398.3289130870726        88.962814873671292     
     6780000   2286.5194596576557        18.759360727433076     
     6790000   2297.7612531978498        27.910071044729232     
     6800000   2297.2682917499587        37.330600711186328     
     6810000   2243.9937329953141        14.496757529943924     
     6820000   2286.1165690844600        33.970099360878962     
     6830000   2386.5945672759799        3.5193233490285878     
     6840000   2286.2461798385084        25.383577138392035     
     6850000   2245.6213093364581        40.321573729928858     
     6860000   2331.4911735362434        171.28676465066769     
     6870000   2357.8463687884087        50.612163130211499     
     6880000   2377.5597029698079        12.887068768598036     
     6890000   2397.3255909680615        8.5723977521572792     
     6900000   2298.4031254030797        32.264514372634437     
     6910000   2448.6653346133617        33.012811825448189     
     6920000   2336.9942437344985        4.3920139380673984     
     6930000   2407.6963777310511        84.571885288085213     
     6940000   2422.7030059639487        38.180911095467351     
     6950000   2372.9996486272134        35.716660973153651     
     6960000   2336.8821767020122        54.469763092996601     
     6970000   2291.5308019751842        67.667731532903773     
     6980000   2370.5483754413535        20.861068056762146     
     6990000   2331.3781744342477        40.063086947800514     
     7000000   2378.1842926378135        32.190144199828012     
     7010000   2277.4853185216607        11.740471234319196     
     7020000   2346.6926442677850        25.049325573737061     
     7030000   2392.0735348794974        58.350861608923871     
     7040000   2372.8257376621164        59.894785709657810     
     7050000   2319.0851040352632        69.358444897575808     
     7060000   2399.9325470242261        89.925711803984200     
     7070000   2415.2834882135617        37.487319823723858     
     7080000   2449.8170741110011        22.107929514014941     
     7090000   2281.1979196907805        37.110861889032201     
     7100000   2321.5395904098673        19.402006354161983     
     7110000   2451.1421987959370        40.895431435593594     
     7120000   2234.2460289037299        14.922849503782002     
     7130000   2468.7540557484936        102.93636575342019     
     7140000   2380.9199712731593        1.5667966128302071     
     7150000   2338.8307722487602        69.671201917529785     
     7160000   2331.7467214229705        12.898863810318122     
     7170000   2393.8241737558533        55.100323032524550     
     7180000   2422.5672542728635        24.551108756042218     
     7190000   2403.5526924802502        15.398342133919643     
     7200000   2498.4249806404287        27.928815293915751     
     7210000   2396.2845721082990        283.71982542564916     
     7220000   2348.4326460941743        50.947525058450566     
     7230000   2416.9173018929810        61.399694004013917     
     7240000   2416.4743284614319        45.111459145601586     
     7250000   2306.9027189647072        28.138000280917829     
     7260000   2380.6629777216576        6.9707223058439816     
     7270000   2494.9119564153793        38.015161124571293     
     7280000   2426.7183153550127        3.0315019845362436     
     7290000   2434.5343068680809        11.067302381818639     
     7300000   2568.1149621587047        42.305757564349733     
     7310000   2492.5754931015458        125.21320162674110     
     7320000   2435.0377485564136        17.689339452175542     
     7330000   2422.0761488352027        16.341736886560717     
     7340000   2409.8036774137286        34.935144462530289     
     7350000   2407.8502756423322        54.447597625979832     
     7360000   2388.6897139582993        78.737529670704205     
     7370000   2401.6129584385208        77.566975917398466     
     7380000   2358.1570641920630        6.3771774030061366     
     7390000   2383.9035195973679        65.902832396960818     
     7400000   2362.1161627721244        23.784446988507280     
     7410000   2433.1272845333574        9.3993606232585254     
     7420000   2292.8518738945372        17.062620513300963     
     7430000   2366.6695950288549        79.238877445253934     
     7440000   2459.1779082864946        54.309834219729723     
     7450000   2403.8477063955320        35.238064962053173     
     7460000   2534.3374098760492        64.243352805267875     
     7470000   2382.6064904975892        48.423581297456494     
     7480000   2423.5446468587888        33.496962956856386     
     7490000   2488.0476138041545        26.455054837590691     
     7500000   2353.7880178731634        17.102519514930915     
     7510000   2364.3090634290393        9.2483613609583450     
     7520000   2394.8527366697394        7.1325752687122224     
     7530000   2418.4853356256540        21.912705460194605     
     7540000   2490.2356313590735        38.430112713401947     
     7550000   2401.4139553903237        47.986584996400452     
     7560000   2471.5512552633049        6.7534854140887255     
     7570000   2519.8904493157102        83.698030707858123     
     7580000   2443.8160425658834        44.405831589086333     
     7590000   2464.9728416471626        32.838162428967088     
     7600000   2423.2132037659094        48.763416096836934     
     7610000   2362.2527417480419        39.460830287535977     
     7620000   2481.7203556967524        1.5756303947216455     
     7630000   2516.1806458312708        59.358118670444192     
     7640000   2518.8388272502907        23.927497345937127     
     7650000   2441.3658102568675        14.072313224808505     
     7660000   2468.5039907291066        22.988952593161617     
     7670000   2324.8288431575397        105.19500283077730     
     7680000   2298.5997714064952        40.030146421582081     
     7690000   2407.3510193621869        49.915139825224990     
     7700000   2605.8366442317611        10.600576827671953     
     7710000   2411.4998171358097        1.3751253214513861     
     7720000   2507.3131620965664        58.700836171705241     
     7730000   2392.6068125121651        92.552238610255955     
     7740000   2592.5927682919264        31.149234317037962     
     7750000   2605.7795104257762        35.944846795754799     
     7760000   2448.0954802338133        6.5088218296442628     
     7770000   2395.1770807085950        29.343472444697511     
     7780000   2422.7318723728913        186.41357258321511     
     7790000   2502.6414574620180        140.18590897119861     
     7800000   2448.7679460637814        61.485136630380090     
     7810000   2523.7593354869741        93.410613266002130     
     7820000   2472.2462254190377        84.345201574395560     
     7830000   2491.8559905427010        60.295077579545364     
     7840000   2507.0202895293155        63.219177790438081     
     7850000   2401.4924243499959        41.842380930579374     
     7860000   2468.2637312201246        39.244106976751546     
     7870000   2455.1340733972602        61.104839825756095     
     7880000   2486.2396988110904        57.949800143859576     
     7890000   2517.1055368614420        55.673586865479251     
     7900000   2497.1572393267625        12.319837670437138     
     7910000   2445.4781857736198        92.332199894816100     
     7920000   2523.3223490257947        95.926713362718885     
     7930000   2449.2740639946301        33.724022500817370     
     7940000   2580.1943615360501        66.865954616192042     
     7950000   2484.3066504205099        12.875525520057170     
     7960000   2606.7854300167810        109.66724905230566     
     7970000   2413.4253668339447        41.236176473559937     
     7980000   2504.4065948254247        14.666897010602360     
     7990000   2496.9987191063783        23.483895294288608     
     8000000   2515.6187984770454        68.672678775798119     
     8010000   2499.1226277963874        10.533131913314488     
     8020000   2535.7085553775296        34.225747687412941     
     8030000   2647.2322601340247        106.51785228966878     
     8040000   2476.5216598456564        66.626235750467742     
     8050000   2360.1929754825032        33.442648028717720     
     8060000   2545.9535826896645        9.3578894439369922     
     8070000   2531.5914851957036        143.29934593915152     
     8080000   2506.5915820683958        104.99934308472598     
     8090000   2550.6959230236189        73.790561377248409     
     8100000   2552.0810547158235        48.242778036926936     
     8110000   2548.9957085253759        13.948996479997454     
     8120000   2563.7725811104419        14.332038203656749     
     8130000   2432.6995896893595        75.357305478086985     
     8140000   2410.8725582815014        13.030642879298703     
     8150000   2554.9654435845000        36.615304893693107     
     8160000   2470.9421222016749        8.7592130276027262     
     8170000   2502.1632550641043        99.921452161746785     
     8180000   2514.1399079304033        109.73514340270924     
     8190000   2568.0476692835582        90.595892447745982     
     8200000   2550.2076601495510        63.204953681360450     
     8210000   2503.8882345444713        70.224634945777538     
     8220000   2564.2096673612446        49.401588428197115     
     8230000   2536.1168918694862        24.546182731722901     
     8240000   2536.0945138293873        40.157400775798394     
     8250000   2579.0797021796529        76.434218602817097     
     8260000   2499.6948929796008        16.750520070581839     
     8270000   2662.5991476490576        80.338972448277147     
     8280000   2614.1644656920121        65.414523270979117     
     8290000   2545.1722699450752        101.25614600939444     
     8300000   2513.3025946856023        59.634827348101012     
     8310000   2577.3459039407380        46.238769803365749     
     8320000   2566.0624601366776        22.441627810018733     
