   6.0000000000000000       -1451.0000000000000       -34.000000000000000     
   5.0000000000000000       -1451.0000000000000       -34.000000000000000     
   5.0000000000000000       -1452.0000000000000       -34.000000000000000     
   5.0000000000000000       -1453.0000000000000       -34.000000000000000     
   5.0000000000000000       -1452.0000000000000       -34.000000000000000     
   5.0000000000000000       -1452.0000000000000       -35.000000000000000     
   5.0000000000000000       -1451.0000000000000       -35.000000000000000     
   5.0000000000000000       -1451.0000000000000       -34.000000000000000     
   4.0000000000000000       -1451.0000000000000       -34.000000000000000     
   5.0000000000000000       -1451.0000000000000       -34.000000000000000     
   6.0000000000000000       -1451.0000000000000       -34.000000000000000     
   7.0000000000000000       -1451.0000000000000       -34.000000000000000     
   8.0000000000000000       -1451.0000000000000       -34.000000000000000     
   8.0000000000000000       -1450.0000000000000       -34.000000000000000     
   9.0000000000000000       -1450.0000000000000       -34.000000000000000     
   9.0000000000000000       -1449.0000000000000       -34.000000000000000     
   9.0000000000000000       -1449.0000000000000       -33.000000000000000     
   10.000000000000000       -1449.0000000000000       -33.000000000000000     
   10.000000000000000       -1448.0000000000000       -33.000000000000000     
   10.000000000000000       -1449.0000000000000       -33.000000000000000     
   11.000000000000000       -1449.0000000000000       -33.000000000000000     
   11.000000000000000       -1449.0000000000000       -32.000000000000000     
   11.000000000000000       -1449.0000000000000       -31.000000000000000     
   11.000000000000000       -1448.0000000000000       -31.000000000000000     
   11.000000000000000       -1448.0000000000000       -30.000000000000000     
   11.000000000000000       -1447.0000000000000       -30.000000000000000     
   12.000000000000000       -1447.0000000000000       -30.000000000000000     
   12.000000000000000       -1448.0000000000000       -30.000000000000000     
   13.000000000000000       -1448.0000000000000       -30.000000000000000     
   14.000000000000000       -1448.0000000000000       -30.000000000000000     
   14.000000000000000       -1448.0000000000000       -29.000000000000000     
   14.000000000000000       -1448.0000000000000       -30.000000000000000     
   14.000000000000000       -1448.0000000000000       -29.000000000000000     
   15.000000000000000       -1448.0000000000000       -29.000000000000000     
   15.000000000000000       -1448.0000000000000       -30.000000000000000     
   15.000000000000000       -1448.0000000000000       -31.000000000000000     
   15.000000000000000       -1449.0000000000000       -31.000000000000000     
   15.000000000000000       -1449.0000000000000       -32.000000000000000     
   15.000000000000000       -1449.0000000000000       -33.000000000000000     
   15.000000000000000       -1448.0000000000000       -33.000000000000000     
   16.000000000000000       -1448.0000000000000       -33.000000000000000     
   16.000000000000000       -1448.0000000000000       -34.000000000000000     
   16.000000000000000       -1448.0000000000000       -35.000000000000000     
   16.000000000000000       -1448.0000000000000       -34.000000000000000     
   15.000000000000000       -1448.0000000000000       -34.000000000000000     
   16.000000000000000       -1448.0000000000000       -34.000000000000000     
   16.000000000000000       -1448.0000000000000       -35.000000000000000     
   16.000000000000000       -1447.0000000000000       -35.000000000000000     
   16.000000000000000       -1446.0000000000000       -35.000000000000000     
   16.000000000000000       -1445.0000000000000       -35.000000000000000     
   16.000000000000000       -1446.0000000000000       -35.000000000000000     
   17.000000000000000       -1446.0000000000000       -35.000000000000000     
   17.000000000000000       -1445.0000000000000       -35.000000000000000     
   17.000000000000000       -1445.0000000000000       -36.000000000000000     
   17.000000000000000       -1445.0000000000000       -37.000000000000000     
   17.000000000000000       -1445.0000000000000       -38.000000000000000     
   16.000000000000000       -1445.0000000000000       -38.000000000000000     
   16.000000000000000       -1445.0000000000000       -39.000000000000000     
   15.000000000000000       -1445.0000000000000       -39.000000000000000     
   15.000000000000000       -1445.0000000000000       -40.000000000000000     
   16.000000000000000       -1445.0000000000000       -40.000000000000000     
   17.000000000000000       -1445.0000000000000       -40.000000000000000     
   17.000000000000000       -1446.0000000000000       -40.000000000000000     
   18.000000000000000       -1446.0000000000000       -40.000000000000000     
   18.000000000000000       -1445.0000000000000       -40.000000000000000     
   18.000000000000000       -1445.0000000000000       -41.000000000000000     
   18.000000000000000       -1446.0000000000000       -41.000000000000000     
   19.000000000000000       -1446.0000000000000       -41.000000000000000     
   19.000000000000000       -1446.0000000000000       -40.000000000000000     
   19.000000000000000       -1447.0000000000000       -40.000000000000000     
   19.000000000000000       -1446.0000000000000       -40.000000000000000     
   19.000000000000000       -1446.0000000000000       -39.000000000000000     
   20.000000000000000       -1446.0000000000000       -39.000000000000000     
   20.000000000000000       -1446.0000000000000       -38.000000000000000     
   20.000000000000000       -1446.0000000000000       -39.000000000000000     
   20.000000000000000       -1446.0000000000000       -38.000000000000000     
   20.000000000000000       -1446.0000000000000       -39.000000000000000     
   20.000000000000000       -1447.0000000000000       -39.000000000000000     
   19.000000000000000       -1447.0000000000000       -39.000000000000000     
   19.000000000000000       -1446.0000000000000       -39.000000000000000     
   19.000000000000000       -1446.0000000000000       -40.000000000000000     
   19.000000000000000       -1446.0000000000000       -39.000000000000000     
   18.000000000000000       -1446.0000000000000       -39.000000000000000     
   18.000000000000000       -1446.0000000000000       -40.000000000000000     
   18.000000000000000       -1446.0000000000000       -39.000000000000000     
   19.000000000000000       -1446.0000000000000       -39.000000000000000     
   18.000000000000000       -1446.0000000000000       -39.000000000000000     
   18.000000000000000       -1447.0000000000000       -39.000000000000000     
   17.000000000000000       -1447.0000000000000       -39.000000000000000     
   17.000000000000000       -1447.0000000000000       -38.000000000000000     
   17.000000000000000       -1447.0000000000000       -37.000000000000000     
   17.000000000000000       -1448.0000000000000       -37.000000000000000     
   17.000000000000000       -1448.0000000000000       -36.000000000000000     
   17.000000000000000       -1449.0000000000000       -36.000000000000000     
   17.000000000000000       -1448.0000000000000       -36.000000000000000     
   16.000000000000000       -1448.0000000000000       -36.000000000000000     
   16.000000000000000       -1449.0000000000000       -36.000000000000000     
   16.000000000000000       -1448.0000000000000       -36.000000000000000     
   16.000000000000000       -1448.0000000000000       -35.000000000000000     
   16.000000000000000       -1448.0000000000000       -36.000000000000000     
   16.000000000000000       -1448.0000000000000       -35.000000000000000     
   16.000000000000000       -1448.0000000000000       -36.000000000000000     
   16.000000000000000       -1448.0000000000000       -35.000000000000000     
   16.000000000000000       -1448.0000000000000       -34.000000000000000     
   16.000000000000000       -1447.0000000000000       -34.000000000000000     
   15.000000000000000       -1447.0000000000000       -34.000000000000000     
   14.000000000000000       -1447.0000000000000       -34.000000000000000     
   13.000000000000000       -1447.0000000000000       -34.000000000000000     
   14.000000000000000       -1447.0000000000000       -34.000000000000000     
   14.000000000000000       -1448.0000000000000       -34.000000000000000     
   13.000000000000000       -1448.0000000000000       -34.000000000000000     
   14.000000000000000       -1448.0000000000000       -34.000000000000000     
   14.000000000000000       -1449.0000000000000       -34.000000000000000     
   14.000000000000000       -1449.0000000000000       -33.000000000000000     
   14.000000000000000       -1449.0000000000000       -34.000000000000000     
   14.000000000000000       -1449.0000000000000       -35.000000000000000     
   14.000000000000000       -1450.0000000000000       -35.000000000000000     
   14.000000000000000       -1451.0000000000000       -35.000000000000000     
   14.000000000000000       -1451.0000000000000       -36.000000000000000     
   14.000000000000000       -1450.0000000000000       -36.000000000000000     
   14.000000000000000       -1449.0000000000000       -36.000000000000000     
   13.000000000000000       -1449.0000000000000       -36.000000000000000     
   13.000000000000000       -1449.0000000000000       -35.000000000000000     
   14.000000000000000       -1449.0000000000000       -35.000000000000000     
   14.000000000000000       -1449.0000000000000       -34.000000000000000     
   13.000000000000000       -1449.0000000000000       -34.000000000000000     
   13.000000000000000       -1448.0000000000000       -34.000000000000000     
   13.000000000000000       -1449.0000000000000       -34.000000000000000     
   14.000000000000000       -1449.0000000000000       -34.000000000000000     
   13.000000000000000       -1449.0000000000000       -34.000000000000000     
   13.000000000000000       -1449.0000000000000       -35.000000000000000     
   12.000000000000000       -1449.0000000000000       -35.000000000000000     
   12.000000000000000       -1449.0000000000000       -36.000000000000000     
   12.000000000000000       -1450.0000000000000       -36.000000000000000     
   11.000000000000000       -1450.0000000000000       -36.000000000000000     
   11.000000000000000       -1451.0000000000000       -36.000000000000000     
   11.000000000000000       -1452.0000000000000       -36.000000000000000     
   11.000000000000000       -1452.0000000000000       -37.000000000000000     
   12.000000000000000       -1452.0000000000000       -37.000000000000000     
   12.000000000000000       -1452.0000000000000       -38.000000000000000     
   12.000000000000000       -1451.0000000000000       -38.000000000000000     
   12.000000000000000       -1451.0000000000000       -37.000000000000000     
   12.000000000000000       -1450.0000000000000       -37.000000000000000     
   12.000000000000000       -1450.0000000000000       -36.000000000000000     
   11.000000000000000       -1450.0000000000000       -36.000000000000000     
   11.000000000000000       -1450.0000000000000       -35.000000000000000     
   11.000000000000000       -1451.0000000000000       -35.000000000000000     
   11.000000000000000       -1452.0000000000000       -35.000000000000000     
   12.000000000000000       -1452.0000000000000       -35.000000000000000     
   12.000000000000000       -1451.0000000000000       -35.000000000000000     
   12.000000000000000       -1451.0000000000000       -36.000000000000000     
   12.000000000000000       -1452.0000000000000       -36.000000000000000     
   12.000000000000000       -1452.0000000000000       -37.000000000000000     
   13.000000000000000       -1452.0000000000000       -37.000000000000000     
   13.000000000000000       -1452.0000000000000       -36.000000000000000     
   14.000000000000000       -1452.0000000000000       -36.000000000000000     
   13.000000000000000       -1452.0000000000000       -36.000000000000000     
   12.000000000000000       -1452.0000000000000       -36.000000000000000     
   12.000000000000000       -1453.0000000000000       -36.000000000000000     
   12.000000000000000       -1454.0000000000000       -36.000000000000000     
   13.000000000000000       -1454.0000000000000       -36.000000000000000     
   13.000000000000000       -1455.0000000000000       -36.000000000000000     
   13.000000000000000       -1456.0000000000000       -36.000000000000000     
   13.000000000000000       -1456.0000000000000       -37.000000000000000     
   13.000000000000000       -1455.0000000000000       -37.000000000000000     
   13.000000000000000       -1454.0000000000000       -37.000000000000000     
   13.000000000000000       -1454.0000000000000       -38.000000000000000     
   13.000000000000000       -1454.0000000000000       -37.000000000000000     
   14.000000000000000       -1454.0000000000000       -37.000000000000000     
   14.000000000000000       -1454.0000000000000       -36.000000000000000     
   14.000000000000000       -1454.0000000000000       -35.000000000000000     
   14.000000000000000       -1453.0000000000000       -35.000000000000000     
   13.000000000000000       -1453.0000000000000       -35.000000000000000     
   13.000000000000000       -1452.0000000000000       -35.000000000000000     
   14.000000000000000       -1452.0000000000000       -35.000000000000000     
   14.000000000000000       -1452.0000000000000       -34.000000000000000     
   14.000000000000000       -1452.0000000000000       -35.000000000000000     
   13.000000000000000       -1452.0000000000000       -35.000000000000000     
   13.000000000000000       -1451.0000000000000       -35.000000000000000     
   13.000000000000000       -1452.0000000000000       -35.000000000000000     
   13.000000000000000       -1451.0000000000000       -35.000000000000000     
   14.000000000000000       -1451.0000000000000       -35.000000000000000     
   14.000000000000000       -1452.0000000000000       -35.000000000000000     
   14.000000000000000       -1451.0000000000000       -35.000000000000000     
   13.000000000000000       -1451.0000000000000       -35.000000000000000     
   13.000000000000000       -1451.0000000000000       -34.000000000000000     
   13.000000000000000       -1452.0000000000000       -34.000000000000000     
   14.000000000000000       -1452.0000000000000       -34.000000000000000     
   15.000000000000000       -1452.0000000000000       -34.000000000000000     
   15.000000000000000       -1451.0000000000000       -34.000000000000000     
   16.000000000000000       -1451.0000000000000       -34.000000000000000     
   16.000000000000000       -1451.0000000000000       -35.000000000000000     
   17.000000000000000       -1451.0000000000000       -35.000000000000000     
   16.000000000000000       -1451.0000000000000       -35.000000000000000     
   15.000000000000000       -1451.0000000000000       -35.000000000000000     
   15.000000000000000       -1452.0000000000000       -35.000000000000000     
   15.000000000000000       -1452.0000000000000       -34.000000000000000     
   15.000000000000000       -1452.0000000000000       -35.000000000000000     
   15.000000000000000       -1452.0000000000000       -34.000000000000000     
   15.000000000000000       -1452.0000000000000       -35.000000000000000     
   15.000000000000000       -1452.0000000000000       -34.000000000000000     
   15.000000000000000       -1452.0000000000000       -35.000000000000000     
   16.000000000000000       -1452.0000000000000       -35.000000000000000     
   16.000000000000000       -1453.0000000000000       -35.000000000000000     
   16.000000000000000       -1452.0000000000000       -35.000000000000000     
   17.000000000000000       -1452.0000000000000       -35.000000000000000     
   17.000000000000000       -1451.0000000000000       -35.000000000000000     
   17.000000000000000       -1451.0000000000000       -36.000000000000000     
   17.000000000000000       -1452.0000000000000       -36.000000000000000     
